2850.	0.022697
2850.05	0.016031
2850.1	0.01394
2850.15	0.010512
2850.2	0.008486
2850.25	0.004702
2850.3	0.000417
2850.35	0.001287
2850.4	-0.000043
2850.45	0.002753
2850.5	-0.001815
2850.55	-0.003373
2850.6	-0.001661
2850.65	0.000314
2850.7	-0.005716
2850.75	-0.012106
2850.8	-0.017771
2850.85	-0.012323
2850.9	-0.010731
2850.95	-0.015601
2851.	-0.00997
2851.05	-0.006148
2851.1	-0.009282
2851.15	-0.017274
2851.2	-0.013035
2851.25	-0.013337
2851.3	-0.015615
2851.35	-0.01404
2851.4	-0.007108
2851.45	0.002024
2851.5	0.002428
2851.55	0.000595
2851.6	-0.000707
2851.65	-0.000069
2851.7	0.001722
2851.75	0.002368
2851.8	0.00514
2851.85	0.006058
2851.9	0.009263
2851.95	0.013929
2852.	0.017213
2852.05	0.022499
2852.1	0.025912
2852.15	0.03182
2852.2	0.028854
2852.25	0.027235
2852.3	0.023057
2852.35	0.015308
2852.4	0.011253
2852.45	0.014891
2852.5	0.009815
2852.55	-0.000296
2852.6	-0.014536
2852.65	-0.024067
2852.7	-0.026205
2852.75	-0.015466
2852.8	0.008478
2852.85	0.042311
2852.9	0.081921
2852.95	0.118906
2853.	0.158282
2853.05	0.191513
2853.1	0.20697
2853.15	0.202885
2853.2	0.188219
2853.25	0.169064
2853.3	0.151531
2853.35	0.119109
2853.4	0.088545
2853.45	0.067384
2853.5	0.042289
2853.55	0.020954
2853.6	0.002179
2853.65	-0.017486
2853.7	-0.040472
2853.75	-0.057476
2853.8	-0.085374
2853.85	-0.110967
2853.9	-0.13333
2853.95	-0.144037
2854.	-0.137135
2854.05	-0.117881
2854.1	-0.0808
2854.15	-0.028475
2854.2	0.043946
2854.25	0.119424
2854.3	0.173882
2854.35	0.199385
2854.4	0.197139
2854.45	0.166393
2854.5	0.121829
2854.55	0.082414
2854.6	0.050565
2854.65	0.027474
2854.7	0.013106
2854.75	0.013609
2854.8	0.000096
2854.85	-0.016434
2854.9	-0.038206
2854.95	-0.056366
2855.	-0.083604
2855.05	-0.111551
2855.1	-0.137107
2855.15	-0.138421
2855.2	-0.137959
2855.25	-0.136972
2855.3	-0.130147
2855.35	-0.123463
2855.4	-0.118335
2855.45	-0.100037
2855.5	-0.087063
2855.55	-0.083762
2855.6	-0.0648
2855.65	-0.054128
2855.7	-0.053961
2855.75	-0.045824
2855.8	-0.03393
2855.85	-0.02786
2855.9	-0.022078
2855.95	-0.015844
2856.	-0.005384
2856.05	0.001009
2856.1	0.006062
2856.15	0.003063
2856.2	0.001366
2856.25	-0.004369
2856.3	-0.019177
2856.35	-0.042749
2856.4	-0.075456
2856.45	-0.105428
2856.5	-0.135301
2856.55	-0.157139
2856.6	-0.16827
2856.65	-0.181168
2856.7	-0.19323
2856.75	-0.199534
2856.8	-0.208824
2856.85	-0.219574
2856.9	-0.215383
2856.95	-0.22479
2857.	-0.231117
2857.05	-0.23417
2857.1	-0.242456
2857.15	-0.249489
2857.2	-0.252533
2857.25	-0.254523
2857.3	-0.247062
2857.35	-0.239043
2857.4	-0.228835
2857.45	-0.212379
2857.5	-0.198863
2857.55	-0.198792
2857.6	-0.199473
2857.65	-0.198274
2857.7	-0.204545
2857.75	-0.217449
2857.8	-0.232566
2857.85	-0.240855
2857.9	-0.259058
2857.95	-0.270562
2858.	-0.273728
2858.05	-0.27392
2858.1	-0.271598
2858.15	-0.27017
2858.201	-0.273912
2858.251	-0.260858
2858.301	-0.257127
2858.351	-0.2518
2858.401	-0.253109
2858.451	-0.244534
2858.501	-0.228467
2858.551	-0.222412
2858.601	-0.210638
2858.651	-0.199401
2858.701	-0.197531
2858.751	-0.190302
2858.801	-0.176951
2858.851	-0.159942
2858.901	-0.144605
2858.951	-0.133847
2859.001	-0.109942
2859.051	-0.076947
2859.101	-0.05189
2859.151	-0.021254
2859.201	0.012044
2859.251	0.048918
2859.301	0.080693
2859.351	0.106786
2859.401	0.11741
2859.451	0.096955
2859.501	0.035257
2859.551	-0.087219
2859.601	-0.293454
2859.651	-0.603921
2859.701	-1.076701
2859.751	-1.773973
2859.801	-2.785147
2859.851	-4.272876
2859.901	-6.402483
2859.951	-9.430506
2860.001	-13.631096
2860.051	-19.24193
2860.101	-26.382584
2860.151	-34.882276
2860.201	-44.056529
2860.251	-52.515751
2860.301	-58.046657
2860.351	-57.731287
2860.401	-48.450078
2860.451	-27.825552
2860.501	4.619978
2860.551	46.403384
2860.601	91.826258
2860.651	132.82872
2860.701	160.981264
2860.751	170.174641
2860.801	158.690277
2860.851	129.610671
2860.901	89.291056
2860.951	44.972561
2861.001	2.926045
2861.051	-32.29775
2861.101	-57.78437
2861.151	-72.343436
2861.201	-76.766902
2861.251	-73.706046
2861.301	-66.613099
2861.351	-58.341861
2861.401	-50.452133
2861.451	-43.664957
2861.501	-38.583859
2861.551	-35.840081
2861.601	-35.46647
2861.651	-36.645937
2861.701	-38.034737
2861.751	-38.43181
2861.801	-37.049516
2861.851	-33.381046
2861.901	-27.129218
2861.951	-18.27966
2862.001	-7.29384
2862.051	4.793254
2862.101	16.43691
2862.151	26.045451
2862.201	32.493305
2862.251	35.433639
2862.301	35.115034
2862.351	32.079754
2862.401	27.14077
2862.451	21.280777
2862.501	15.469668
2862.551	10.409095
2862.601	6.396894
2862.651	3.451526
2862.701	1.453032
2862.751	0.239574
2862.801	-0.382959
2862.851	-0.667154
2862.901	-0.873811
2862.951	-1.168978
2863.001	-1.585944
2863.051	-2.177502
2863.101	-2.989976
2863.151	-3.961675
2863.201	-4.869675
2863.251	-5.476908
2863.301	-5.6461
2863.351	-5.341215
2863.401	-4.557071
2863.451	-3.355992
2863.501	-1.823859
2863.551	-0.116732
2863.601	1.55931
2863.651	2.977793
2863.701	4.039173
2863.751	4.717755
2863.801	4.974632
2863.851	4.793729
2863.901	4.213787
2863.951	3.347278
2864.001	2.368412
2864.051	1.422682
2864.101	0.618975
2864.151	0.014325
2864.201	-0.398053
2864.251	-0.653169
2864.301	-0.77628
2864.351	-0.844911
2864.401	-0.928805
2864.451	-1.063561
2864.501	-1.251886
2864.551	-1.475671
2864.601	-1.715348
2864.651	-1.947113
2864.701	-2.151968
2864.751	-2.270806
2864.801	-2.275971
2864.851	-2.125546
2864.901	-1.846742
2864.951	-1.479788
2865.001	-1.066364
2865.051	-0.682156
2865.101	-0.401255
2865.151	-0.266492
2865.201	-0.266977
2865.251	-0.387478
2865.301	-0.575106
2865.351	-0.788961
2865.401	-1.021019
2865.451	-1.2511
2865.501	-1.435551
2865.551	-1.571976
2865.601	-1.667451
2865.651	-1.722591
2865.701	-1.728663
2865.751	-1.661811
2865.801	-1.515163
2865.851	-1.3283
2865.901	-1.150681
2865.951	-1.040491
2866.001	-0.995026
2866.051	-1.026913
2866.101	-1.139057
2866.151	-1.311109
2866.201	-1.498154
2866.251	-1.625623
2866.301	-1.663037
2866.351	-1.57923
2866.401	-1.384661
2866.451	-1.114973
2866.501	-0.827241
2866.551	-0.573985
2866.601	-0.385364
2866.651	-0.293159
2866.701	-0.249444
2866.751	-0.204339
2866.801	-0.085839
2866.851	0.135604
2866.901	0.457513
2866.951	0.817071
2867.001	1.166167
2867.051	1.450944
2867.101	1.617359
2867.151	1.646934
2867.201	1.51757
2867.251	1.227167
2867.301	0.854585
2867.351	0.417707
2867.401	-0.034214
2867.451	-0.477267
2867.501	-0.902135
2867.551	-1.314407
2867.601	-1.722314
2867.651	-2.150269
2867.701	-2.583592
2867.751	-3.006701
2867.801	-3.385898
2867.851	-3.683475
2867.901	-3.865153
2867.951	-3.899317
2868.001	-3.770145
2868.051	-3.500654
2868.101	-3.123287
2868.151	-2.680957
2868.201	-2.205738
2868.251	-1.709059
2868.301	-1.223881
2868.351	-0.763305
2868.401	-0.335636
2868.451	0.031006
2868.501	0.323529
2868.551	0.511682
2868.601	0.57799
2868.651	0.522449
2868.701	0.349198
2868.751	0.091092
2868.801	-0.214198
2868.851	-0.558864
2868.901	-0.898618
2868.951	-1.187851
2869.001	-1.408571
2869.051	-1.529675
2869.101	-1.562186
2869.151	-1.503914
2869.201	-1.38084
2869.251	-1.216169
2869.301	-1.059533
2869.351	-0.963693
2869.401	-0.964014
2869.451	-1.091506
2869.501	-1.318577
2869.551	-1.598554
2869.601	-1.856
2869.651	-2.012083
2869.701	-2.009753
2869.751	-1.810329
2869.801	-1.42973
2869.851	-0.930564
2869.901	-0.419931
2869.951	0.026064
2870.001	0.333342
2870.051	0.47012
2870.101	0.4272
2870.151	0.244144
2870.201	-0.045976
2870.251	-0.38468
2870.301	-0.721972
2870.351	-1.036462
2870.401	-1.301512
2870.451	-1.490964
2870.501	-1.596157
2870.551	-1.608387
2870.601	-1.528405
2870.651	-1.377034
2870.701	-1.189405
2870.751	-1.016371
2870.801	-0.876713
2870.851	-0.771278
2870.901	-0.707429
2870.951	-0.697463
2871.001	-0.733303
2871.051	-0.798426
2871.101	-0.873058
2871.151	-0.908149
2871.201	-0.886725
2871.251	-0.831466
2871.301	-0.778519
2871.351	-0.746839
2871.401	-0.734264
2871.451	-0.742116
2871.501	-0.756909
2871.551	-0.781969
2871.601	-0.825735
2871.651	-0.882514
2871.701	-0.934736
2871.751	-0.987632
2871.801	-1.011497
2871.851	-1.02562
2871.901	-1.024236
2871.951	-0.987506
2872.001	-0.945737
2872.051	-0.896823
2872.101	-0.84298
2872.151	-0.796401
2872.201	-0.763569
2872.251	-0.733581
2872.301	-0.719828
2872.351	-0.713539
2872.401	-0.70626
2872.451	-0.732293
2872.501	-0.770759
2872.551	-0.814042
2872.601	-0.856244
2872.651	-0.909564
2872.701	-0.944223
2872.751	-0.970253
2872.801	-0.97591
2872.851	-0.969055
2872.901	-0.946467
2872.951	-0.906942
2873.001	-0.873178
2873.051	-0.853272
2873.101	-0.849656
2873.151	-0.868983
2873.201	-0.900483
2873.251	-0.924503
2873.301	-0.949244
2873.351	-0.957458
2873.401	-0.954851
2873.451	-0.951323
2873.501	-0.926876
2873.551	-0.887541
2873.601	-0.841887
2873.651	-0.802566
2873.701	-0.768111
2873.751	-0.741967
2873.801	-0.741604
2873.851	-0.746478
2873.901	-0.772685
2873.951	-0.801682
2874.001	-0.82524
2874.051	-0.835719
2874.101	-0.849564
2874.151	-0.864167
2874.201	-0.879883
2874.251	-0.902713
2874.301	-0.945969
2874.351	-1.006201
2874.401	-1.086845
2874.451	-1.194591
2874.501	-1.326691
2874.551	-1.467322
2874.602	-1.633592
2874.652	-1.789414
2874.702	-1.947459
2874.752	-2.062786
2874.802	-2.124906
2874.852	-2.120296
2874.902	-2.040519
2874.952	-1.878074
2875.002	-1.65687
2875.052	-1.404155
2875.102	-1.136574
2875.152	-0.877308
2875.202	-0.637515
2875.252	-0.419554
2875.302	-0.234103
2875.352	-0.089729
2875.402	0.00458
2875.452	0.057283
2875.502	0.064684
2875.552	0.042848
2875.602	0.000451
2875.652	-0.070554
2875.702	-0.151222
2875.752	-0.217235
2875.802	-0.25645
2875.852	-0.26813
2875.902	-0.2572
2875.952	-0.24523
2876.002	-0.248595
2876.052	-0.279293
2876.102	-0.337514
2876.152	-0.426618
2876.202	-0.520556
2876.252	-0.617064
2876.302	-0.692283
2876.352	-0.734586
2876.402	-0.745171
2876.452	-0.723342
2876.502	-0.672367
2876.552	-0.597993
2876.602	-0.518168
2876.652	-0.456183
2876.702	-0.421116
2876.752	-0.436675
2876.802	-0.497441
2876.852	-0.598721
2876.902	-0.719186
2876.952	-0.830128
2877.002	-0.923689
2877.052	-0.990875
2877.102	-1.025298
2877.152	-1.045773
2877.202	-1.052688
2877.252	-1.052979
2877.302	-1.066527
2877.352	-1.091612
2877.402	-1.120654
2877.452	-1.141381
2877.502	-1.152436
2877.552	-1.168043
2877.602	-1.170586
2877.652	-1.159845
2877.702	-1.139637
2877.752	-1.080373
2877.802	-1.004605
2877.852	-0.91062
2877.902	-0.815524
2877.952	-0.728024
2878.002	-0.671731
2878.052	-0.643346
2878.102	-0.628457
2878.152	-0.63385
2878.202	-0.642358
2878.252	-0.643445
2878.302	-0.644475
2878.352	-0.636795
2878.402	-0.613033
2878.452	-0.604311
2878.502	-0.599276
2878.552	-0.6061
2878.602	-0.637022
2878.652	-0.674677
2878.702	-0.727049
2878.752	-0.775693
2878.802	-0.826007
2878.852	-0.864287
2878.902	-0.887619
2878.952	-0.881816
2879.002	-0.867505
2879.052	-0.853997
2879.102	-0.828757
2879.152	-0.806409
2879.202	-0.79295
2879.252	-0.771036
2879.302	-0.770867
2879.352	-0.789314
2879.402	-0.817359
2879.452	-0.846407
2879.502	-0.870778
2879.552	-0.873213
2879.602	-0.837433
2879.652	-0.75049
2879.702	-0.607655
2879.752	-0.429466
2879.802	-0.245906
2879.852	-0.072265
2879.902	0.080658
2879.952	0.197558
2880.002	0.287088
2880.052	0.331612
2880.102	0.329602
2880.152	0.26718
2880.202	0.167747
2880.252	0.024795
2880.302	-0.13339
2880.352	-0.30296
2880.402	-0.462964
2880.452	-0.589881
2880.502	-0.66864
2880.552	-0.687893
2880.602	-0.670808
2880.652	-0.608344
2880.702	-0.521171
2880.752	-0.427613
2880.802	-0.350986
2880.852	-0.320262
2880.902	-0.328837
2880.952	-0.361402
2881.002	-0.408409
2881.052	-0.462453
2881.102	-0.514497
2881.152	-0.568242
2881.202	-0.598227
2881.252	-0.599758
2881.302	-0.573745
2881.352	-0.527145
2881.402	-0.464323
2881.452	-0.408548
2881.502	-0.350244
2881.552	-0.295965
2881.602	-0.247164
2881.652	-0.212557
2881.702	-0.18044
2881.752	-0.169867
2881.802	-0.152412
2881.852	-0.141625
2881.902	-0.110997
2881.952	-0.084208
2882.002	-0.060133
2882.052	-0.040346
2882.102	-0.018352
2882.152	-0.002899
2882.202	-0.005923
2882.252	-0.01389
2882.302	-0.025117
2882.352	-0.017334
2882.402	-0.002619
2882.452	0.001619
2882.502	0.002654
2882.552	-0.028955
2882.602	-0.091824
2882.652	-0.156597
2882.702	-0.230179
2882.752	-0.296102
2882.802	-0.359806
2882.852	-0.42059
2882.902	-0.448514
2882.952	-0.436414
2883.002	-0.405928
2883.052	-0.343721
2883.102	-0.281672
2883.152	-0.233162
2883.202	-0.188855
2883.252	-0.167876
2883.302	-0.150593
2883.352	-0.161584
2883.402	-0.180167
2883.452	-0.203908
2883.502	-0.228067
2883.552	-0.232591
2883.602	-0.244683
2883.652	-0.252987
2883.702	-0.268649
2883.752	-0.292025
2883.802	-0.339418
2883.852	-0.403041
2883.902	-0.480169
2883.952	-0.581855
2884.002	-0.687582
2884.052	-0.789152
2884.102	-0.888581
2884.152	-0.951042
2884.202	-0.983316
2884.252	-0.989737
2884.302	-0.961186
2884.352	-0.921083
2884.402	-0.871945
2884.452	-0.821769
2884.502	-0.752192
2884.552	-0.667336
2884.602	-0.546416
2884.652	-0.391089
2884.702	-0.20429
2884.752	-0.033713
2884.802	0.110486
2884.852	0.224201
2884.902	0.287942
2884.952	0.313532
2885.002	0.310295
2885.052	0.291576
2885.102	0.250302
2885.152	0.212758
2885.202	0.185319
2885.252	0.156209
2885.302	0.143565
2885.352	0.115568
2885.402	0.065896
2885.452	0.005291
2885.502	-0.073311
2885.552	-0.132465
2885.602	-0.160178
2885.652	-0.180348
2885.702	-0.182999
2885.752	-0.179463
2885.802	-0.188456
2885.852	-0.192469
2885.902	-0.189125
2885.952	-0.15299
2886.002	-0.112921
2886.052	-0.082573
2886.102	-0.079842
2886.152	-0.099841
2886.202	-0.141243
2886.252	-0.18451
2886.302	-0.21944
2886.352	-0.236209
2886.402	-0.246485
2886.452	-0.243081
2886.502	-0.210819
2886.552	-0.177228
2886.602	-0.139777
2886.652	-0.100718
2886.702	-0.094485
2886.752	-0.125827
2886.802	-0.179571
2886.852	-0.238034
2886.902	-0.293804
2886.952	-0.335855
2887.002	-0.359553
2887.052	-0.370813
2887.102	-0.36389
2887.152	-0.365724
2887.202	-0.348872
2887.252	-0.320875
2887.302	-0.288871
2887.352	-0.254302
2887.402	-0.229746
2887.452	-0.228528
2887.502	-0.236082
2887.552	-0.248632
2887.602	-0.250298
2887.652	-0.235345
2887.702	-0.211717
2887.752	-0.161595
2887.802	-0.11167
2887.852	-0.040228
2887.902	0.026423
2887.952	0.069897
2888.002	0.085941
2888.052	0.069532
2888.102	0.042303
2888.152	-0.001415
2888.202	-0.054559
2888.252	-0.107825
2888.302	-0.143637
2888.352	-0.151847
2888.402	-0.131718
2888.452	-0.082382
2888.502	-0.024723
2888.552	0.042213
2888.602	0.096477
2888.652	0.131194
2888.702	0.148989
2888.752	0.145684
2888.802	0.12773
2888.852	0.096183
2888.902	0.057229
2888.952	0.028097
2889.002	0.010104
2889.052	0.006271
2889.102	0.01926
2889.152	0.046221
2889.202	0.083015
2889.252	0.133368
2889.302	0.17465
2889.352	0.206374
2889.402	0.216839
2889.452	0.214642
2889.502	0.212809
2889.552	0.209331
2889.602	0.196747
2889.652	0.182635
2889.702	0.157903
2889.752	0.132985
2889.802	0.115839
2889.852	0.092268
2889.902	0.079194
2889.952	0.083537
2890.002	0.084646
2890.052	0.098084
2890.102	0.110545
2890.152	0.108466
2890.202	0.111678
2890.252	0.114487
2890.302	0.119606
2890.352	0.130289
2890.402	0.133962
2890.452	0.144763
2890.502	0.156232
2890.552	0.146489
2890.602	0.127838
2890.652	0.110474
2890.702	0.096091
2890.752	0.09012
2890.802	0.092383
2890.852	0.11362
2890.902	0.143943
2890.952	0.174543
2891.003	0.200678
2891.053	0.216299
2891.103	0.218572
2891.153	0.202811
2891.203	0.184283
2891.253	0.16084
2891.303	0.140122
2891.353	0.137045
2891.403	0.143821
2891.453	0.155454
2891.503	0.176037
2891.553	0.187791
2891.603	0.199056
2891.653	0.203151
2891.703	0.203253
2891.753	0.213142
2891.803	0.222149
2891.853	0.240957
2891.903	0.25817
2891.953	0.289
2892.003	0.306061
2892.053	0.329952
2892.103	0.345195
2892.153	0.369311
2892.203	0.380543
2892.253	0.388017
2892.303	0.377269
2892.353	0.34816
2892.403	0.30759
2892.453	0.252641
2892.503	0.19637
2892.553	0.13844
2892.603	0.081156
2892.653	0.022342
2892.703	-0.040948
2892.753	-0.105965
2892.803	-0.180724
2892.853	-0.250881
2892.903	-0.321728
2892.953	-0.383158
2893.003	-0.426311
2893.053	-0.445902
2893.103	-0.44656
2893.153	-0.446581
2893.203	-0.442143
2893.253	-0.427092
2893.303	-0.406817
2893.353	-0.387582
2893.403	-0.360349
2893.453	-0.318689
2893.503	-0.268589
2893.553	-0.217694
2893.603	-0.148946
2893.653	-0.072573
2893.703	-0.000121
2893.753	0.066683
2893.803	0.121831
2893.853	0.171267
2893.903	0.203475
2893.953	0.232718
2894.003	0.25645
2894.053	0.266544
2894.103	0.264632
2894.153	0.274989
2894.203	0.265444
2894.253	0.259761
2894.303	0.253088
2894.353	0.243908
2894.403	0.233657
2894.453	0.223898
2894.503	0.222738
2894.553	0.224798
2894.603	0.218419
2894.653	0.201871
2894.703	0.174947
2894.753	0.128889
2894.803	0.064568
2894.853	0.004635
2894.903	-0.057661
2894.953	-0.124806
2895.003	-0.177106
2895.053	-0.206057
2895.103	-0.235924
2895.153	-0.246458
2895.203	-0.241673
2895.253	-0.230843
2895.303	-0.207326
2895.353	-0.172239
2895.403	-0.134201
2895.453	-0.094021
2895.503	-0.039167
2895.553	0.027043
2895.603	0.096262
2895.653	0.167508
2895.703	0.235731
2895.753	0.307275
2895.803	0.370798
2895.853	0.413427
2895.903	0.445841
2895.953	0.460741
2896.003	0.460935
2896.053	0.448405
2896.103	0.423148
2896.153	0.390725
2896.203	0.362837
2896.253	0.347086
2896.303	0.32959
2896.353	0.32614
2896.403	0.330016
2896.453	0.325073
2896.503	0.318206
2896.553	0.295783
2896.603	0.255542
2896.653	0.20313
2896.703	0.146168
2896.753	0.096634
2896.803	0.057183
2896.853	0.037816
2896.903	0.023193
2896.953	0.034163
2897.003	0.039998
2897.053	0.055509
2897.103	0.074336
2897.153	0.07583
2897.203	0.092252
2897.253	0.114724
2897.303	0.13926
2897.353	0.165325
2897.403	0.206244
2897.453	0.257737
2897.503	0.316342
2897.553	0.371912
2897.603	0.427394
2897.653	0.470427
2897.703	0.491051
2897.753	0.467533
2897.803	0.408616
2897.853	0.320973
2897.903	0.203444
2897.953	0.081512
2898.003	-0.022328
2898.053	-0.089727
2898.103	-0.139566
2898.153	-0.154196
2898.203	-0.124662
2898.253	-0.067935
2898.303	0.013745
2898.353	0.119121
2898.403	0.225544
2898.453	0.295381
2898.503	0.328095
2898.553	0.32118
2898.603	0.273264
2898.653	0.187247
2898.703	0.075781
2898.753	-0.052846
2898.803	-0.182209
2898.853	-0.297929
2898.903	-0.405996
2898.953	-0.477259
2899.003	-0.525579
2899.053	-0.551727
2899.103	-0.568873
2899.153	-0.565319
2899.203	-0.547655
2899.253	-0.522153
2899.303	-0.490565
2899.353	-0.460706
2899.403	-0.434758
2899.453	-0.399234
2899.503	-0.368985
2899.553	-0.336482
2899.603	-0.300081
2899.653	-0.254147
2899.703	-0.184961
2899.753	-0.090998
2899.803	0.018483
2899.853	0.151373
2899.903	0.280519
2899.953	0.413769
2900.003	0.535398
2900.053	0.632512
2900.103	0.705113
2900.153	0.742517
2900.203	0.752712
2900.253	0.74825
2900.303	0.723992
2900.353	0.698269
2900.403	0.673054
2900.453	0.659279
2900.503	0.658962
2900.553	0.664761
2900.603	0.669224
2900.653	0.658965
2900.703	0.629418
2900.753	0.575643
2900.803	0.509029
2900.853	0.430998
2900.903	0.342405
2900.953	0.247504
2901.003	0.152854
2901.053	0.066103
2901.103	-0.022723
2901.153	-0.112472
2901.203	-0.188829
2901.253	-0.24634
2901.303	-0.295387
2901.353	-0.327719
2901.403	-0.350228
2901.453	-0.368533
2901.503	-0.371176
2901.553	-0.355931
2901.603	-0.324339
2901.653	-0.277058
2901.703	-0.232009
2901.753	-0.213767
2901.803	-0.207821
2901.853	-0.223639
2901.903	-0.25042
2901.953	-0.307346
2902.003	-0.375996
2902.053	-0.44235
2902.103	-0.506799
2902.153	-0.564324
2902.203	-0.61246
2902.253	-0.668638
2902.303	-0.717377
2902.353	-0.769493
2902.403	-0.82308
2902.453	-0.875555
2902.503	-0.934275
2902.553	-0.984503
2902.603	-1.02408
2902.653	-1.053638
2902.703	-1.06994
2902.753	-1.052543
2902.803	-1.017818
2902.853	-0.962291
2902.903	-0.888147
2902.953	-0.812003
2903.003	-0.728593
2903.053	-0.646459
2903.103	-0.578457
2903.153	-0.501741
2903.203	-0.427352
2903.253	-0.34879
2903.303	-0.265986
2903.353	-0.186261
2903.403	-0.104445
2903.453	-0.02698
2903.503	0.042626
2903.553	0.101725
2903.603	0.148647
2903.653	0.178157
2903.703	0.191508
2903.753	0.172637
2903.803	0.139859
2903.853	0.108239
2903.903	0.080149
2903.953	0.055721
2904.003	0.03555
2904.053	0.019898
2904.103	0.022159
2904.153	0.010142
2904.203	-0.005927
2904.253	-0.021553
2904.303	-0.051865
2904.353	-0.085737
2904.403	-0.101347
2904.453	-0.12059
2904.503	-0.131876
2904.553	-0.116413
2904.603	-0.086796
2904.653	-0.042077
2904.703	0.012835
2904.753	0.062524
2904.803	0.106662
2904.853	0.135933
2904.903	0.148796
2904.953	0.148794
2905.003	0.124957
2905.053	0.097781
2905.103	0.051632
2905.153	0.007254
2905.203	-0.019259
2905.253	-0.037737
2905.303	-0.053446
2905.353	-0.06447
2905.403	-0.082555
2905.453	-0.086992
2905.503	-0.090067
2905.553	-0.102181
2905.603	-0.112371
2905.653	-0.130378
2905.703	-0.138056
2905.753	-0.158719
2905.803	-0.170886
2905.853	-0.188354
2905.903	-0.223836
2905.953	-0.25116
2906.003	-0.282702
2906.053	-0.314101
2906.103	-0.339922
2906.153	-0.362609
2906.203	-0.373703
2906.253	-0.365046
2906.303	-0.338137
2906.353	-0.298409
2906.403	-0.270949
2906.453	-0.236737
2906.503	-0.213448
2906.553	-0.20154
2906.603	-0.197863
2906.653	-0.215567
2906.703	-0.235532
2906.753	-0.274829
2906.803	-0.309454
2906.853	-0.334934
2906.903	-0.347845
2906.953	-0.345605
2907.003	-0.332
2907.053	-0.312434
2907.103	-0.296482
2907.153	-0.277371
2907.203	-0.282315
2907.253	-0.282575
2907.303	-0.287924
2907.354	-0.301003
2907.404	-0.311964
2907.454	-0.325711
2907.504	-0.340129
2907.554	-0.33622
2907.604	-0.332733
2907.654	-0.336067
2907.704	-0.340989
2907.754	-0.358741
2907.804	-0.379327
2907.854	-0.415998
2907.904	-0.4475
2907.954	-0.481217
2908.004	-0.511958
2908.054	-0.544447
2908.104	-0.570715
2908.154	-0.592137
2908.204	-0.614487
2908.254	-0.638694
2908.304	-0.660824
2908.354	-0.682289
2908.404	-0.698711
2908.454	-0.706423
2908.504	-0.707246
2908.554	-0.688115
2908.604	-0.660713
2908.654	-0.636324
2908.704	-0.606701
2908.754	-0.581043
2908.804	-0.558471
2908.854	-0.535547
2908.904	-0.502898
2908.954	-0.466377
2909.004	-0.422974
2909.054	-0.386247
2909.104	-0.343871
2909.154	-0.290475
2909.204	-0.250373
2909.254	-0.192975
2909.304	-0.147215
2909.354	-0.117292
2909.404	-0.092081
2909.454	-0.072495
2909.504	-0.078306
2909.554	-0.102938
2909.604	-0.134225
2909.654	-0.183479
2909.704	-0.250392
2909.754	-0.316818
2909.804	-0.386653
2909.854	-0.456848
2909.904	-0.521198
2909.954	-0.59166
2910.004	-0.654437
2910.054	-0.714085
2910.104	-0.777509
2910.154	-0.844368
2910.204	-0.902462
2910.254	-0.934585
2910.304	-0.955539
2910.354	-0.969132
2910.404	-0.974046
2910.454	-0.971228
2910.504	-0.960534
2910.554	-0.935562
2910.604	-0.893931
2910.654	-0.854051
2910.704	-0.809981
2910.754	-0.753413
2910.804	-0.680154
2910.854	-0.610279
2910.904	-0.540175
2910.954	-0.479376
2911.004	-0.425722
2911.054	-0.386304
2911.104	-0.361436
2911.154	-0.36635
2911.204	-0.386728
2911.254	-0.419904
2911.304	-0.476817
2911.354	-0.559026
2911.404	-0.651234
2911.454	-0.746706
2911.504	-0.847536
2911.554	-0.950706
2911.604	-1.038781
2911.654	-1.106865
2911.704	-1.153175
2911.754	-1.194865
2911.804	-1.205117
2911.854	-1.19451
2911.904	-1.161686
2911.954	-1.111479
2912.004	-1.045658
2912.054	-0.967003
2912.104	-0.891799
2912.154	-0.815458
2912.204	-0.746686
2912.254	-0.685171
2912.304	-0.636724
2912.354	-0.608536
2912.404	-0.604489
2912.454	-0.607679
2912.504	-0.600105
2912.554	-0.601739
2912.604	-0.583586
2912.654	-0.551678
2912.704	-0.500688
2912.754	-0.444553
2912.804	-0.390467
2912.854	-0.352412
2912.904	-0.339901
2912.954	-0.364252
2913.004	-0.420548
2913.054	-0.511554
2913.104	-0.621576
2913.154	-0.753298
2913.204	-0.891212
2913.254	-1.015906
2913.304	-1.13548
2913.354	-1.222891
2913.404	-1.281356
2913.454	-1.316206
2913.504	-1.325375
2913.554	-1.331403
2913.604	-1.324383
2913.654	-1.303127
2913.704	-1.266636
2913.754	-1.223616
2913.804	-1.167553
2913.854	-1.088814
2913.904	-0.986777
2913.954	-0.875074
2914.004	-0.761076
2914.054	-0.656686
2914.104	-0.574745
2914.154	-0.533051
2914.204	-0.523984
2914.254	-0.547073
2914.304	-0.611014
2914.354	-0.705315
2914.404	-0.819467
2914.454	-0.936629
2914.504	-1.044718
2914.554	-1.139721
2914.604	-1.202702
2914.654	-1.228784
2914.704	-1.20719
2914.754	-1.140546
2914.804	-1.048678
2914.854	-0.945907
2914.904	-0.837918
2914.954	-0.742805
2915.004	-0.678043
2915.054	-0.64274
2915.104	-0.644331
2915.154	-0.665428
2915.204	-0.693958
2915.254	-0.729416
2915.304	-0.753776
2915.354	-0.758218
2915.404	-0.744185
2915.454	-0.711416
2915.504	-0.666484
2915.554	-0.632189
2915.604	-0.599744
2915.654	-0.579439
2915.704	-0.578906
2915.754	-0.611615
2915.804	-0.662442
2915.854	-0.733353
2915.904	-0.810565
2915.954	-0.895104
2916.004	-0.96702
2916.054	-1.022734
2916.104	-1.043748
2916.154	-1.034486
2916.204	-0.999641
2916.254	-0.921594
2916.304	-0.819338
2916.354	-0.697221
2916.404	-0.564751
2916.454	-0.449362
2916.504	-0.355034
2916.554	-0.291443
2916.604	-0.27486
2916.654	-0.308468
2916.704	-0.389581
2916.754	-0.501778
2916.804	-0.641166
2916.854	-0.787107
2916.904	-0.916211
2916.954	-1.012965
2917.004	-1.064339
2917.054	-1.059647
2917.104	-0.993735
2917.154	-0.882614
2917.204	-0.746675
2917.254	-0.605061
2917.304	-0.498424
2917.354	-0.447851
2917.404	-0.451384
2917.454	-0.515736
2917.504	-0.614462
2917.554	-0.748061
2917.604	-0.867621
2917.654	-0.954984
2917.704	-1.005079
2917.754	-0.997587
2917.804	-0.936116
2917.854	-0.842391
2917.904	-0.739707
2917.954	-0.646325
2918.004	-0.572251
2918.054	-0.536966
2918.104	-0.541795
2918.154	-0.580884
2918.204	-0.640063
2918.254	-0.716876
2918.304	-0.803844
2918.354	-0.883077
2918.404	-0.945155
2918.454	-0.986601
2918.504	-0.988991
2918.554	-0.971362
2918.604	-0.936447
2918.654	-0.896569
2918.704	-0.87147
2918.754	-0.852308
2918.804	-0.833502
2918.854	-0.828992
2918.904	-0.850791
2918.954	-0.884923
2919.004	-0.934311
2919.054	-0.98369
2919.104	-1.020283
2919.154	-1.032756
2919.204	-1.037698
2919.254	-1.030615
2919.304	-1.004086
2919.354	-0.984016
2919.404	-0.964824
2919.454	-0.940798
2919.504	-0.925782
2919.554	-0.909674
2919.604	-0.886397
2919.654	-0.873546
2919.704	-0.858838
2919.754	-0.853938
2919.804	-0.85486
2919.854	-0.853005
2919.904	-0.849486
2919.954	-0.856648
2920.004	-0.873185
2920.054	-0.875061
2920.104	-0.884943
2920.154	-0.878077
2920.204	-0.86177
2920.254	-0.848407
2920.304	-0.842746
2920.354	-0.838566
2920.404	-0.832444
2920.454	-0.825147
2920.504	-0.822726
2920.554	-0.816197
2920.604	-0.800605
2920.654	-0.785374
2920.704	-0.765705
2920.754	-0.741012
2920.804	-0.71741
2920.854	-0.703109
2920.904	-0.705848
2920.954	-0.714318
2921.004	-0.731692
2921.054	-0.756761
2921.104	-0.777119
2921.154	-0.791322
2921.204	-0.796276
2921.254	-0.774311
2921.304	-0.729548
2921.354	-0.657016
2921.404	-0.570323
2921.454	-0.485873
2921.504	-0.41272
2921.554	-0.368576
2921.604	-0.361038
2921.654	-0.392239
2921.704	-0.467365
2921.754	-0.560338
2921.804	-0.666388
2921.854	-0.779032
2921.904	-0.878508
2921.954	-0.951979
2922.004	-0.993972
2922.054	-0.997929
2922.104	-0.97178
2922.154	-0.915768
2922.204	-0.85838
2922.254	-0.80705
2922.304	-0.783528
2922.354	-0.769333
2922.404	-0.781252
2922.454	-0.814531
2922.504	-0.85435
2922.554	-0.898101
2922.604	-0.930669
2922.654	-0.947496
2922.704	-0.940764
2922.754	-0.920543
2922.804	-0.894111
2922.854	-0.851322
2922.904	-0.814885
2922.954	-0.789279
2923.004	-0.796071
2923.054	-0.825964
2923.104	-0.874037
2923.154	-0.935702
2923.204	-1.020404
2923.254	-1.103287
2923.304	-1.177458
2923.354	-1.236899
2923.404	-1.294728
2923.454	-1.329806
2923.504	-1.345063
2923.554	-1.349046
2923.604	-1.331537
2923.654	-1.301061
2923.704	-1.266944
2923.755	-1.216824
2923.805	-1.167347
2923.855	-1.110677
2923.905	-1.051229
2923.955	-0.983181
2924.005	-0.919974
2924.055	-0.860613
2924.105	-0.804662
2924.155	-0.752273
2924.205	-0.715225
2924.255	-0.682979
2924.305	-0.659472
2924.355	-0.629036
2924.405	-0.594088
2924.455	-0.558201
2924.505	-0.513915
2924.555	-0.460621
2924.605	-0.408955
2924.655	-0.359516
2924.705	-0.324476
2924.755	-0.312428
2924.805	-0.311333
2924.855	-0.326842
2924.905	-0.363785
2924.955	-0.417102
2925.005	-0.477161
2925.055	-0.540463
2925.105	-0.590952
2925.155	-0.640012
2925.205	-0.680776
2925.255	-0.691067
2925.305	-0.697008
2925.355	-0.689277
2925.405	-0.67283
2925.455	-0.649903
2925.505	-0.631481
2925.555	-0.62576
2925.605	-0.623488
2925.655	-0.648966
2925.705	-0.689694
2925.755	-0.741832
2925.805	-0.802375
2925.855	-0.864561
2925.905	-0.914037
2925.955	-0.937778
2926.005	-0.95798
2926.055	-0.95894
2926.105	-0.959991
2926.155	-0.961072
2926.205	-0.976909
2926.255	-1.027749
2926.305	-1.099258
2926.355	-1.201695
2926.405	-1.322161
2926.455	-1.460988
2926.505	-1.599716
2926.555	-1.730068
2926.605	-1.843022
2926.655	-1.924244
2926.705	-1.965389
2926.755	-1.960338
2926.805	-1.917234
2926.855	-1.850697
2926.905	-1.775811
2926.955	-1.689668
2927.005	-1.605893
2927.055	-1.529726
2927.105	-1.461932
2927.155	-1.396305
2927.205	-1.346405
2927.255	-1.302861
2927.305	-1.271705
2927.355	-1.24386
2927.405	-1.21328
2927.455	-1.186423
2927.505	-1.159263
2927.555	-1.126477
2927.605	-1.09151
2927.655	-1.055442
2927.705	-1.008701
2927.755	-0.957417
2927.805	-0.90005
2927.855	-0.847961
2927.905	-0.811105
2927.955	-0.785976
2928.005	-0.788786
2928.055	-0.805281
2928.105	-0.82899
2928.155	-0.855553
2928.205	-0.878327
2928.255	-0.875548
2928.305	-0.863743
2928.355	-0.860232
2928.405	-0.838088
2928.455	-0.812614
2928.505	-0.793129
2928.555	-0.784104
2928.605	-0.787871
2928.655	-0.806996
2928.705	-0.834569
2928.755	-0.87104
2928.805	-0.919103
2928.855	-0.966046
2928.905	-0.999808
2928.955	-1.022924
2929.005	-1.027437
2929.055	-1.026996
2929.105	-1.006512
2929.155	-0.984369
2929.205	-0.949968
2929.255	-0.923568
2929.305	-0.910668
2929.355	-0.914024
2929.405	-0.921994
2929.455	-0.954014
2929.505	-0.980793
2929.555	-1.0102
2929.605	-1.045582
2929.655	-1.053155
2929.705	-1.051204
2929.755	-1.044991
2929.805	-1.035694
2929.855	-1.02173
2929.905	-1.009801
2929.955	-0.996527
2930.005	-0.983499
2930.055	-0.983248
2930.105	-0.982726
2930.155	-0.982989
2930.205	-0.984477
2930.255	-0.995153
2930.305	-1.009202
2930.355	-1.009791
2930.405	-1.014414
2930.455	-1.02033
2930.505	-1.01815
2930.555	-1.011917
2930.605	-1.003363
2930.655	-0.998326
2930.705	-0.993967
2930.755	-0.999038
2930.805	-1.002134
2930.855	-1.014581
2930.905	-1.031705
2930.955	-1.052594
2931.005	-1.053701
2931.055	-1.058023
2931.105	-1.053981
2931.155	-1.045132
2931.205	-1.028904
2931.255	-1.011365
2931.305	-0.989674
2931.355	-0.972732
2931.405	-0.96197
2931.455	-0.945301
2931.505	-0.939643
2931.555	-0.953622
2931.605	-0.981111
2931.655	-1.008287
2931.705	-1.046686
2931.755	-1.081059
2931.805	-1.097328
2931.855	-1.107112
2931.905	-1.103012
2931.955	-1.07407
2932.005	-1.03882
2932.055	-0.992479
2932.105	-0.953252
2932.155	-0.922631
2932.205	-0.895737
2932.255	-0.885549
2932.305	-0.880013
2932.355	-0.873178
2932.405	-0.876566
2932.455	-0.876349
2932.505	-0.875977
2932.555	-0.881632
2932.605	-0.867979
2932.655	-0.858242
2932.705	-0.855312
2932.755	-0.847718
2932.805	-0.842014
2932.855	-0.829394
2932.905	-0.82664
2932.955	-0.841793
2933.005	-0.867525
2933.055	-0.897694
2933.105	-0.917769
2933.155	-0.943929
2933.205	-0.973272
2933.255	-1.006671
2933.305	-1.034246
2933.355	-1.064867
2933.405	-1.105154
2933.455	-1.146184
2933.505	-1.193499
2933.555	-1.242734
2933.605	-1.281647
2933.655	-1.318747
2933.705	-1.333389
2933.755	-1.322065
2933.805	-1.313411
2933.855	-1.293259
2933.905	-1.261588
2933.955	-1.230226
2934.005	-1.208933
2934.055	-1.186196
2934.105	-1.160276
2934.155	-1.12985
2934.205	-1.099036
2934.255	-1.072294
2934.305	-1.040723
2934.355	-1.005344
2934.405	-0.971375
2934.455	-0.938284
2934.505	-0.908986
2934.555	-0.875442
2934.605	-0.854094
2934.655	-0.815155
2934.705	-0.782151
2934.755	-0.755295
2934.805	-0.724121
2934.855	-0.708061
2934.905	-0.695834
2934.955	-0.694463
2935.005	-0.695044
2935.055	-0.702946
2935.105	-0.717618
2935.155	-0.728891
2935.205	-0.75338
2935.255	-0.761091
2935.305	-0.771636
2935.355	-0.775846
2935.405	-0.773408
2935.455	-0.762315
2935.505	-0.750292
2935.555	-0.728006
2935.605	-0.713631
2935.655	-0.69552
2935.705	-0.680196
2935.755	-0.667283
2935.805	-0.663848
2935.855	-0.669916
2935.905	-0.690529
2935.955	-0.715339
2936.005	-0.745955
2936.055	-0.777655
2936.105	-0.825072
2936.155	-0.874602
2936.205	-0.919445
2936.255	-0.966368
2936.305	-1.001619
2936.355	-1.037863
2936.405	-1.066454
2936.455	-1.085098
2936.505	-1.097401
2936.555	-1.107512
2936.605	-1.109179
2936.655	-1.104553
2936.705	-1.088795
2936.755	-1.066112
2936.805	-1.028147
2936.855	-0.97602
2936.905	-0.923355
2936.955	-0.861121
2937.005	-0.799448
2937.055	-0.734735
2937.105	-0.682143
2937.155	-0.620662
2937.205	-0.565642
2937.255	-0.52722
2937.305	-0.497592
2937.355	-0.473521
2937.405	-0.464789
2937.455	-0.46908
2937.505	-0.488117
2937.555	-0.523535
2937.605	-0.572594
2937.655	-0.625444
2937.705	-0.692938
2937.755	-0.760168
2937.805	-0.824477
2937.855	-0.883651
2937.905	-0.941728
2937.955	-0.997505
2938.005	-1.038021
2938.055	-1.066107
2938.105	-1.088227
2938.155	-1.109217
2938.205	-1.121506
2938.255	-1.12615
2938.305	-1.127158
2938.355	-1.108296
2938.405	-1.083983
2938.455	-1.055962
2938.505	-1.024639
2938.555	-0.997924
2938.605	-0.960765
2938.655	-0.918573
2938.705	-0.877004
2938.755	-0.845541
2938.805	-0.824807
2938.855	-0.808805
2938.905	-0.808032
2938.955	-0.812969
2939.005	-0.816768
2939.055	-0.819545
2939.105	-0.837345
2939.155	-0.84465
2939.205	-0.845783
2939.255	-0.84515
2939.305	-0.834437
2939.355	-0.814398
2939.405	-0.805296
2939.455	-0.792622
2939.505	-0.774898
2939.555	-0.776825
2939.605	-0.782024
2939.655	-0.804274
2939.705	-0.838403
2939.755	-0.866385
2939.805	-0.892552
2939.855	-0.915346
2939.905	-0.927187
2939.955	-0.922733
2940.005	-0.912063
2940.055	-0.894107
2940.105	-0.867457
2940.156	-0.848634
2940.206	-0.834872
2940.256	-0.826544
2940.306	-0.82308
2940.356	-0.828418
2940.406	-0.827944
2940.456	-0.829199
2940.506	-0.828294
2940.556	-0.823879
2940.606	-0.80746
2940.656	-0.791985
2940.706	-0.756213
2940.756	-0.731182
2940.806	-0.70714
2940.856	-0.683986
2940.906	-0.675113
2940.956	-0.673149
2941.006	-0.671851
2941.056	-0.677488
2941.106	-0.689055
2941.156	-0.699522
2941.206	-0.713586
2941.256	-0.732754
2941.306	-0.747456
2941.356	-0.763453
2941.406	-0.789055
2941.456	-0.794944
2941.506	-0.802402
2941.556	-0.798152
2941.606	-0.788999
2941.656	-0.786183
2941.706	-0.761487
2941.756	-0.745598
2941.806	-0.724902
2941.856	-0.703003
2941.906	-0.683113
2941.956	-0.651074
2942.006	-0.613319
2942.056	-0.571401
2942.106	-0.527818
2942.156	-0.455705
2942.206	-0.37609
2942.256	-0.293907
2942.306	-0.211451
2942.356	-0.140315
2942.406	-0.098375
2942.456	-0.095806
2942.506	-0.1277
2942.556	-0.197866
2942.606	-0.27954
2942.656	-0.390542
2942.706	-0.499237
2942.756	-0.607331
2942.806	-0.709034
2942.856	-0.797003
2942.906	-0.872543
2942.956	-0.923943
2943.006	-0.941799
2943.056	-0.915971
2943.106	-0.857027
2943.156	-0.76575
2943.206	-0.653079
2943.256	-0.532668
2943.306	-0.42691
2943.356	-0.346038
2943.406	-0.290541
2943.456	-0.281721
2943.506	-0.296482
2943.556	-0.32207
2943.606	-0.357574
2943.656	-0.385951
2943.706	-0.413405
2943.756	-0.422891
2943.806	-0.416159
2943.856	-0.384127
2943.906	-0.333297
2943.956	-0.267013
2944.006	-0.180543
2944.056	-0.070069
2944.106	0.04683
2944.156	0.170236
2944.206	0.290158
2944.256	0.391913
2944.306	0.45395
2944.356	0.488114
2944.406	0.4779
2944.456	0.422942
2944.506	0.33001
2944.556	0.185959
2944.606	0.013559
2944.656	-0.186285
2944.706	-0.388424
2944.756	-0.60838
2944.806	-0.820863
2944.856	-1.026815
2944.906	-1.228866
2944.956	-1.412786
2945.006	-1.579636
2945.056	-1.716917
2945.106	-1.813576
2945.156	-1.877016
2945.206	-1.895402
2945.256	-1.887209
2945.306	-1.84582
2945.356	-1.783212
2945.406	-1.712611
2945.456	-1.631996
2945.506	-1.539574
2945.556	-1.450021
2945.606	-1.348215
2945.656	-1.247749
2945.706	-1.140231
2945.756	-1.025102
2945.806	-0.903401
2945.856	-0.774574
2945.906	-0.636824
2945.956	-0.498102
2946.006	-0.372027
2946.056	-0.253635
2946.106	-0.166258
2946.156	-0.090526
2946.206	-0.047267
2946.256	-0.032196
2946.306	-0.020263
2946.356	-0.017907
2946.406	-0.023225
2946.456	-0.037897
2946.506	-0.057135
2946.556	-0.080576
2946.606	-0.114561
2946.656	-0.15013
2946.706	-0.19057
2946.756	-0.239258
2946.806	-0.285357
2946.856	-0.334111
2946.906	-0.38007
2946.956	-0.417314
2947.006	-0.44253
2947.056	-0.447992
2947.106	-0.431573
2947.156	-0.415075
2947.206	-0.381709
2947.256	-0.342074
2947.306	-0.311629
2947.356	-0.268986
2947.406	-0.24306
2947.456	-0.237438
2947.506	-0.234649
2947.556	-0.245197
2947.606	-0.266862
2947.656	-0.30671
2947.706	-0.351913
2947.756	-0.396936
2947.806	-0.45201
2947.856	-0.506851
2947.906	-0.556013
2947.956	-0.607517
2948.006	-0.646232
2948.056	-0.675252
2948.106	-0.682397
2948.156	-0.686891
2948.206	-0.674948
2948.256	-0.650158
2948.306	-0.616967
2948.356	-0.583451
2948.406	-0.567938
2948.456	-0.553248
2948.506	-0.564187
2948.556	-0.570584
2948.606	-0.588603
2948.656	-0.612649
2948.706	-0.623797
2948.756	-0.637791
2948.806	-0.642458
2948.856	-0.633619
2948.906	-0.605229
2948.956	-0.558048
2949.006	-0.513645
2949.056	-0.460777
2949.106	-0.403595
2949.156	-0.342711
2949.206	-0.290953
2949.256	-0.247044
2949.306	-0.216521
2949.356	-0.184061
2949.406	-0.175593
2949.456	-0.159786
2949.506	-0.15075
2949.556	-0.163465
2949.606	-0.184934
2949.656	-0.215488
2949.706	-0.255844
2949.756	-0.307365
2949.806	-0.369632
2949.856	-0.426903
2949.906	-0.487083
2949.956	-0.548704
2950.006	-0.588594
2950.056	-0.617838
2950.106	-0.642105
2950.156	-0.658373
2950.206	-0.675986
2950.256	-0.689063
2950.306	-0.702092
2950.356	-0.717874
2950.406	-0.735942
2950.456	-0.758146
2950.506	-0.772917
2950.556	-0.777206
2950.606	-0.77444
2950.656	-0.76966
2950.706	-0.766042
2950.756	-0.744204
2950.806	-0.739591
2950.856	-0.729814
2950.906	-0.725343
2950.956	-0.717795
2951.006	-0.702553
2951.056	-0.699511
2951.106	-0.672075
2951.156	-0.639487
2951.206	-0.596915
2951.256	-0.548582
2951.306	-0.487059
2951.356	-0.42843
2951.406	-0.378965
2951.456	-0.357516
2951.506	-0.360834
2951.556	-0.377909
2951.606	-0.407488
2951.656	-0.458907
2951.706	-0.508155
2951.756	-0.562899
2951.806	-0.606674
2951.856	-0.64736
2951.906	-0.675567
2951.956	-0.692263
2952.006	-0.700694
2952.056	-0.701358
2952.106	-0.692516
2952.156	-0.691864
2952.206	-0.678438
2952.256	-0.656224
2952.306	-0.630076
2952.356	-0.606678
2952.406	-0.583362
2952.456	-0.557267
2952.506	-0.529916
2952.556	-0.514296
2952.606	-0.497631
2952.656	-0.473276
2952.706	-0.458737
2952.756	-0.448279
2952.806	-0.436941
2952.856	-0.427567
2952.906	-0.415228
2952.956	-0.411108
2953.006	-0.392434
2953.056	-0.366403
2953.106	-0.343119
2953.156	-0.313203
2953.206	-0.287548
2953.256	-0.267875
2953.306	-0.260535
2953.356	-0.253704
2953.406	-0.252459
2953.456	-0.250313
2953.506	-0.237871
2953.556	-0.230641
2953.606	-0.210749
2953.656	-0.179519
2953.706	-0.155237
2953.756	-0.13206
2953.806	-0.117638
2953.856	-0.118996
2953.906	-0.131821
2953.956	-0.165063
2954.006	-0.208953
2954.056	-0.250503
2954.106	-0.295645
2954.156	-0.338722
2954.206	-0.3835
2954.256	-0.415734
2954.306	-0.441152
2954.356	-0.460037
2954.406	-0.459464
2954.456	-0.460144
2954.506	-0.44905
2954.556	-0.441771
2954.606	-0.426545
2954.656	-0.407921
2954.706	-0.37998
2954.756	-0.355001
2954.806	-0.336962
2954.856	-0.309875
2954.906	-0.273229
2954.956	-0.233904
2955.006	-0.200152
2955.056	-0.161738
2955.106	-0.116627
2955.156	-0.069588
2955.206	-0.031762
2955.256	0.003872
2955.306	0.03478
2955.356	0.053649
2955.406	0.052608
2955.456	0.016218
2955.506	-0.039019
2955.556	-0.121432
2955.606	-0.223054
2955.656	-0.33184
2955.706	-0.432421
2955.756	-0.515951
2955.806	-0.584142
2955.856	-0.618299
2955.906	-0.63322
2955.956	-0.612931
2956.006	-0.567742
2956.056	-0.502165
2956.106	-0.432262
2956.156	-0.362318
2956.206	-0.284957
2956.256	-0.212207
2956.306	-0.150253
2956.356	-0.100165
2956.406	-0.05013
2956.456	-0.021447
2956.507	-0.000907
2956.557	-0.0042
2956.607	-0.01961
2956.657	-0.073295
2956.707	-0.148879
2956.757	-0.245876
2956.807	-0.342315
2956.857	-0.443662
2956.907	-0.526588
2956.957	-0.5731
2957.007	-0.589497
2957.057	-0.579515
2957.107	-0.543496
2957.157	-0.496694
2957.207	-0.45329
2957.257	-0.423656
2957.307	-0.403729
2957.357	-0.39715
2957.407	-0.396578
2957.457	-0.402336
2957.507	-0.415432
2957.557	-0.438476
2957.607	-0.457999
2957.657	-0.464877
2957.707	-0.466694
2957.757	-0.464974
2957.807	-0.461186
2957.857	-0.462407
2957.907	-0.456493
2957.957	-0.455323
2958.007	-0.459216
2958.057	-0.454151
2958.107	-0.450143
2958.157	-0.459439
2958.207	-0.455104
2958.257	-0.45307
2958.307	-0.438302
2958.357	-0.421348
2958.407	-0.390688
2958.457	-0.362354
2958.507	-0.329823
2958.557	-0.305384
2958.607	-0.281722
2958.657	-0.244445
2958.707	-0.216692
2958.757	-0.181393
2958.807	-0.141513
2958.857	-0.108005
2958.907	-0.070454
2958.957	-0.047817
2959.007	-0.021163
2959.057	0.008418
2959.107	0.025753
2959.157	0.027046
2959.207	0.027703
2959.257	0.035839
2959.307	0.037732
2959.357	0.032073
2959.407	0.018635
2959.457	0.005406
2959.507	-0.009074
2959.557	-0.039046
2959.607	-0.061457
2959.657	-0.095923
2959.707	-0.130082
2959.757	-0.164001
2959.807	-0.197945
2959.857	-0.223801
2959.907	-0.238674
2959.957	-0.264241
2960.007	-0.265314
2960.057	-0.269341
2960.107	-0.258435
2960.157	-0.251462
2960.207	-0.236326
2960.257	-0.220015
2960.307	-0.19779
2960.357	-0.182994
2960.407	-0.16031
2960.457	-0.144602
2960.507	-0.137145
2960.557	-0.138407
2960.607	-0.143793
2960.657	-0.140647
2960.707	-0.12766
2960.757	-0.115663
2960.807	-0.102383
2960.857	-0.093835
2960.907	-0.083105
2960.957	-0.070558
2961.007	-0.04625
2961.057	-0.035644
2961.107	-0.020602
2961.157	-0.021866
2961.207	-0.019292
2961.257	-0.013155
2961.307	-0.011095
2961.357	-0.008268
2961.407	-0.001659
2961.457	0.007554
2961.507	0.019025
2961.557	0.015317
2961.607	0.015987
2961.657	-0.003788
2961.707	-0.030238
2961.757	-0.064281
2961.807	-0.098887
2961.857	-0.134604
2961.907	-0.171198
2961.957	-0.188278
2962.007	-0.207495
2962.057	-0.230615
2962.107	-0.241366
2962.157	-0.254617
2962.207	-0.268089
2962.257	-0.280599
2962.307	-0.277851
2962.357	-0.270927
2962.407	-0.269037
2962.457	-0.269793
2962.507	-0.261219
2962.557	-0.25906
2962.607	-0.262779
2962.657	-0.271156
2962.707	-0.273733
2962.757	-0.289299
2962.807	-0.303816
2962.857	-0.313147
2962.907	-0.330788
2962.957	-0.334818
2963.007	-0.35093
2963.057	-0.360781
2963.107	-0.367188
2963.157	-0.369704
2963.207	-0.37115
2963.257	-0.37807
2963.307	-0.377918
2963.357	-0.3857
2963.407	-0.387633
2963.457	-0.38476
2963.507	-0.383959
2963.557	-0.374407
2963.607	-0.373224
2963.657	-0.368978
2963.707	-0.358098
2963.757	-0.344288
2963.807	-0.334782
2963.857	-0.327938
2963.907	-0.326827
2963.957	-0.322685
2964.007	-0.319902
2964.057	-0.330655
2964.107	-0.347557
2964.157	-0.362358
2964.207	-0.385526
2964.257	-0.41277
2964.307	-0.433678
2964.357	-0.45236
2964.407	-0.467189
2964.457	-0.472795
2964.507	-0.464216
2964.557	-0.452234
2964.607	-0.440021
2964.657	-0.42884
2964.707	-0.422554
2964.757	-0.426694
2964.807	-0.441861
2964.857	-0.47042
2964.907	-0.497254
2964.957	-0.518678
2965.007	-0.523665
2965.057	-0.523506
2965.107	-0.511151
2965.157	-0.472379
2965.207	-0.430525
2965.257	-0.380131
2965.307	-0.329738
2965.357	-0.281577
2965.407	-0.225867
2965.457	-0.168939
2965.507	-0.118888
2965.557	-0.068793
2965.607	-0.020643
2965.657	0.013428
2965.707	0.041361
2965.757	0.049803
2965.807	0.051884
2965.857	0.039179
2965.907	0.003015
2965.957	-0.047932
2966.007	-0.121408
2966.057	-0.204194
2966.107	-0.30195
2966.157	-0.420479
2966.207	-0.539061
2966.257	-0.665504
2966.307	-0.781205
2966.357	-0.890357
2966.407	-0.984429
2966.457	-1.06715
2966.507	-1.126627
2966.557	-1.163373
2966.607	-1.190356
2966.657	-1.192703
2966.707	-1.16798
2966.757	-1.128047
2966.807	-1.056898
2966.857	-0.963496
2966.907	-0.852066
2966.957	-0.72344
2967.007	-0.586922
2967.057	-0.442374
2967.107	-0.302184
2967.157	-0.185294
2967.207	-0.070651
2967.257	0.02377
2967.307	0.083684
2967.357	0.131907
2967.407	0.161081
2967.457	0.18402
2967.507	0.19881
2967.557	0.195444
2967.607	0.184857
2967.657	0.170516
2967.707	0.153146
2967.757	0.122412
2967.807	0.076839
2967.857	0.024539
2967.907	-0.03438
2967.957	-0.104612
2968.007	-0.187292
2968.057	-0.288188
2968.107	-0.413863
2968.157	-0.574724
2968.207	-0.746417
2968.257	-0.924627
2968.307	-1.093335
2968.357	-1.253434
2968.407	-1.395266
2968.457	-1.495666
2968.507	-1.564355
2968.557	-1.59819
2968.607	-1.602405
2968.657	-1.5923
2968.707	-1.577534
2968.757	-1.566465
2968.807	-1.569773
2968.857	-1.589797
2968.907	-1.598707
2968.957	-1.580671
2969.007	-1.527989
2969.057	-1.409851
2969.107	-1.208854
2969.157	-0.921138
2969.207	-0.56489
2969.257	-0.160348
2969.307	0.242661
2969.357	0.610525
2969.407	0.916475
2969.457	1.123713
2969.507	1.220274
2969.557	1.186697
2969.607	1.043042
2969.657	0.810511
2969.707	0.511727
2969.757	0.209621
2969.807	-0.074509
2969.857	-0.30106
2969.907	-0.449704
2969.957	-0.519803
2970.007	-0.513412
2970.057	-0.456585
2970.107	-0.365784
2970.157	-0.292283
2970.207	-0.256858
2970.257	-0.257869
2970.307	-0.313416
2970.357	-0.418224
2970.407	-0.554521
2970.457	-0.691361
2970.507	-0.832934
2970.557	-0.961719
2970.607	-1.053792
2970.657	-1.099049
2970.707	-1.109903
2970.757	-1.093978
2970.807	-1.056055
2970.857	-1.019471
2970.907	-1.007671
2970.957	-1.00067
2971.007	-1.025775
2971.057	-1.084273
2971.107	-1.168307
2971.157	-1.264142
2971.207	-1.376535
2971.257	-1.491529
2971.307	-1.602337
2971.357	-1.705393
2971.407	-1.794885
2971.457	-1.861554
2971.507	-1.913666
2971.557	-1.940491
2971.607	-1.947084
2971.657	-1.934255
2971.707	-1.892638
2971.757	-1.842042
2971.807	-1.766692
2971.857	-1.673082
2971.907	-1.581261
2971.957	-1.480682
2972.007	-1.370431
2972.057	-1.262407
2972.107	-1.15014
2972.157	-1.042574
2972.207	-0.941627
2972.257	-0.849972
2972.307	-0.777006
2972.357	-0.711468
2972.407	-0.665231
2972.457	-0.626378
2972.507	-0.599024
2972.557	-0.570915
2972.607	-0.556743
2972.657	-0.552001
2972.707	-0.55979
2972.757	-0.577146
2972.807	-0.617091
2972.857	-0.686656
2972.908	-0.780647
2972.958	-0.896128
2973.008	-1.026229
2973.058	-1.167126
2973.108	-1.30947
2973.158	-1.436257
2973.208	-1.532679
2973.258	-1.599147
2973.308	-1.633437
2973.358	-1.637385
2973.408	-1.626321
2973.458	-1.59452
2973.508	-1.540988
2973.558	-1.472847
2973.608	-1.401007
2973.658	-1.32557
2973.708	-1.2471
2973.758	-1.175437
2973.808	-1.102422
2973.858	-1.043578
2973.908	-0.989348
2973.958	-0.948521
2974.008	-0.909305
2974.058	-0.893947
2974.108	-0.89214
2974.158	-0.912012
2974.208	-0.95221
2974.258	-1.022448
2974.308	-1.102493
2974.358	-1.202235
2974.408	-1.314158
2974.458	-1.421441
2974.508	-1.508767
2974.558	-1.580849
2974.608	-1.635118
2974.658	-1.658105
2974.708	-1.659163
2974.758	-1.643997
2974.808	-1.6127
2974.858	-1.583496
2974.908	-1.555643
2974.958	-1.537367
2975.008	-1.532058
2975.058	-1.53331
2975.108	-1.548368
2975.158	-1.569778
2975.208	-1.584269
2975.258	-1.573338
2975.308	-1.542627
2975.358	-1.488905
2975.408	-1.408294
2975.458	-1.310935
2975.508	-1.209821
2975.558	-1.121627
2975.608	-1.057213
2975.658	-1.028899
2975.708	-1.036717
2975.758	-1.088483
2975.808	-1.173449
2975.858	-1.281258
2975.908	-1.398517
2975.958	-1.521301
2976.008	-1.627323
2976.058	-1.712469
2976.108	-1.770069
2976.158	-1.794096
2976.208	-1.782674
2976.258	-1.754312
2976.308	-1.686054
2976.358	-1.618765
2976.408	-1.556644
2976.458	-1.500666
2976.508	-1.445167
2976.558	-1.403553
2976.608	-1.367917
2976.658	-1.343021
2976.708	-1.319307
2976.758	-1.296319
2976.808	-1.284148
2976.858	-1.27011
2976.908	-1.245845
2976.958	-1.220517
2977.008	-1.197324
2977.058	-1.187036
2977.108	-1.171323
2977.158	-1.171015
2977.208	-1.179141
2977.258	-1.185478
2977.308	-1.196732
2977.358	-1.202087
2977.408	-1.205396
2977.458	-1.206725
2977.508	-1.195625
2977.558	-1.182569
2977.608	-1.174522
2977.658	-1.162861
2977.708	-1.149518
2977.758	-1.133729
2977.808	-1.124382
2977.858	-1.11628
2977.908	-1.116513
2977.958	-1.130604
2978.008	-1.137044
2978.058	-1.150349
2978.108	-1.164098
2978.158	-1.176347
2978.208	-1.191307
2978.258	-1.21342
2978.308	-1.235827
2978.358	-1.243086
2978.408	-1.247633
2978.458	-1.247387
2978.508	-1.230727
2978.558	-1.201495
2978.608	-1.164937
2978.658	-1.109379
2978.708	-1.043655
2978.758	-0.985676
2978.808	-0.931824
2978.858	-0.878833
2978.908	-0.827743
2978.958	-0.791784
2979.008	-0.762331
2979.058	-0.731355
2979.108	-0.701761
2979.158	-0.694109
2979.208	-0.684781
2979.258	-0.685717
2979.308	-0.699195
2979.358	-0.729282
2979.408	-0.759973
2979.458	-0.805142
2979.508	-0.860596
2979.558	-0.923906
2979.608	-0.989209
2979.658	-1.053882
2979.708	-1.123888
2979.758	-1.173813
2979.808	-1.232627
2979.858	-1.278232
2979.908	-1.29939
2979.958	-1.310344
2980.008	-1.307125
2980.058	-1.281257
2980.108	-1.242985
2980.158	-1.205957
2980.208	-1.167751
2980.258	-1.132688
2980.308	-1.093089
2980.358	-1.067477
2980.408	-1.058849
2980.458	-1.046371
2980.508	-1.025778
2980.558	-1.010597
2980.608	-0.997391
2980.658	-0.989805
2980.708	-0.994793
2980.758	-0.99301
2980.808	-0.995669
2980.858	-1.013146
2980.908	-1.026039
2980.958	-1.046877
2981.008	-1.067542
2981.058	-1.082408
2981.108	-1.098096
2981.158	-1.106654
2981.208	-1.108962
2981.258	-1.111857
2981.308	-1.10643
2981.358	-1.116239
2981.408	-1.122512
2981.458	-1.13267
2981.508	-1.149581
2981.558	-1.166026
2981.608	-1.186893
2981.658	-1.208601
2981.708	-1.212742
2981.758	-1.223691
2981.808	-1.223411
2981.858	-1.217548
2981.908	-1.199504
2981.958	-1.16723
2982.008	-1.132134
2982.058	-1.097894
2982.108	-1.066137
2982.158	-1.035816
2982.208	-0.99437
2982.258	-0.947141
2982.308	-0.908706
2982.358	-0.863149
2982.408	-0.823107
2982.458	-0.784206
2982.508	-0.74369
2982.558	-0.711657
2982.608	-0.695799
2982.658	-0.689173
2982.708	-0.695566
2982.758	-0.713795
2982.808	-0.739941
2982.858	-0.770565
2982.908	-0.804081
2982.958	-0.837279
2983.008	-0.867878
2983.058	-0.896282
2983.108	-0.908082
2983.158	-0.912004
2983.208	-0.915403
2983.258	-0.907891
2983.308	-0.903085
2983.358	-0.894541
2983.408	-0.882324
2983.458	-0.877143
2983.508	-0.871037
2983.558	-0.874065
2983.608	-0.887945
2983.658	-0.90835
2983.708	-0.932941
2983.758	-0.95156
2983.808	-0.970449
2983.858	-0.982759
2983.908	-0.987619
2983.958	-0.986186
2984.008	-0.975249
2984.058	-0.9592
2984.108	-0.941207
2984.158	-0.916798
2984.208	-0.896012
2984.258	-0.873818
2984.308	-0.864909
2984.358	-0.866533
2984.408	-0.884387
2984.458	-0.902483
2984.508	-0.940717
2984.558	-0.979826
2984.608	-1.027184
2984.658	-1.085379
2984.708	-1.147072
2984.758	-1.224081
2984.808	-1.27917
2984.858	-1.323902
2984.908	-1.363775
2984.958	-1.398319
2985.008	-1.406452
2985.058	-1.403942
2985.108	-1.372804
2985.158	-1.340545
2985.208	-1.300331
2985.258	-1.248851
2985.308	-1.176164
2985.358	-1.106871
2985.408	-1.032048
2985.458	-0.950694
2985.508	-0.874386
2985.558	-0.803358
2985.608	-0.729181
2985.658	-0.678782
2985.708	-0.637552
2985.758	-0.613971
2985.808	-0.601531
2985.858	-0.608164
2985.908	-0.64193
2985.958	-0.689287
2986.008	-0.753043
2986.058	-0.827481
2986.108	-0.910296
2986.158	-0.99414
2986.208	-1.090862
2986.258	-1.184232
2986.308	-1.270873
2986.358	-1.354604
2986.408	-1.429645
2986.458	-1.496333
2986.508	-1.551046
2986.558	-1.601251
2986.608	-1.635153
2986.658	-1.668686
2986.708	-1.691973
2986.758	-1.708778
2986.808	-1.717095
2986.858	-1.707481
2986.908	-1.684416
2986.958	-1.644363
2987.008	-1.584208
2987.058	-1.503856
2987.108	-1.410211
2987.158	-1.311799
2987.208	-1.215547
2987.258	-1.117094
2987.308	-1.016432
2987.358	-0.931209
2987.408	-0.839149
2987.458	-0.754454
2987.508	-0.669131
2987.558	-0.58045
2987.608	-0.499488
2987.658	-0.434591
2987.708	-0.367104
2987.758	-0.327085
2987.808	-0.286737
2987.858	-0.26516
2987.908	-0.245613
2987.958	-0.230861
2988.008	-0.209846
2988.058	-0.199771
2988.108	-0.2087
2988.158	-0.237681
2988.208	-0.294238
2988.258	-0.372404
2988.308	-0.471283
2988.358	-0.582619
2988.408	-0.704026
2988.458	-0.826334
2988.508	-0.937527
2988.558	-1.041311
2988.608	-1.13481
2988.658	-1.2164
2988.708	-1.293278
2988.758	-1.367888
2988.808	-1.428088
2988.858	-1.467397
2988.908	-1.472014
2988.958	-1.443638
2989.008	-1.375941
2989.058	-1.2468
2989.108	-1.075255
2989.158	-0.876727
2989.208	-0.655765
2989.258	-0.448919
2989.309	-0.270844
2989.359	-0.157559
2989.409	-0.10982
2989.459	-0.120841
2989.509	-0.1816
2989.559	-0.283692
2989.609	-0.415928
2989.659	-0.539879
2989.709	-0.64219
2989.759	-0.705625
2989.809	-0.736959
2989.859	-0.751399
2989.909	-0.754747
2989.959	-0.7604
2990.009	-0.79169
2990.059	-0.834144
2990.109	-0.897046
2990.159	-0.978004
2990.209	-1.069241
2990.259	-1.160778
2990.309	-1.238697
2990.359	-1.28494
2990.409	-1.297584
2990.459	-1.240853
2990.509	-1.130287
2990.559	-0.947206
2990.609	-0.69148
2990.659	-0.401096
2990.709	-0.090516
2990.759	0.211975
2990.809	0.462571
2990.859	0.644427
2990.909	0.720808
2990.959	0.70556
2991.009	0.588637
2991.059	0.401139
2991.109	0.184539
2991.159	-0.031672
2991.209	-0.214001
2991.259	-0.346238
2991.309	-0.419783
2991.359	-0.445103
2991.409	-0.434991
2991.459	-0.400708
2991.509	-0.359562
2991.559	-0.330964
2991.609	-0.328776
2991.659	-0.349751
2991.709	-0.395354
2991.759	-0.461136
2991.809	-0.534151
2991.859	-0.600397
2991.909	-0.653281
2991.959	-0.683079
2992.009	-0.684444
2992.059	-0.660327
2992.109	-0.595717
2992.159	-0.493887
2992.209	-0.368665
2992.259	-0.23649
2992.309	-0.111849
2992.359	0.001401
2992.409	0.087013
2992.459	0.127087
2992.509	0.119107
2992.559	0.072036
2992.609	-0.016181
2992.659	-0.121509
2992.709	-0.22947
2992.759	-0.319017
2992.809	-0.377539
2992.859	-0.38788
2992.909	-0.347918
2992.959	-0.259113
2993.009	-0.136887
2993.059	0.014955
2993.109	0.165898
2993.159	0.309318
2993.209	0.420126
2993.259	0.486956
2993.309	0.50288
2993.359	0.471238
2993.409	0.402118
2993.459	0.307634
2993.509	0.211938
2993.559	0.126902
2993.609	0.068819
2993.659	0.038019
2993.709	0.032827
2993.759	0.061809
2993.809	0.096286
2993.859	0.132336
2993.909	0.149487
2993.959	0.147815
2994.009	0.119117
2994.059	0.065441
2994.109	0.007833
2994.159	-0.054586
2994.209	-0.126623
2994.259	-0.19082
2994.309	-0.249371
2994.359	-0.322676
2994.409	-0.401353
2994.459	-0.49684
2994.509	-0.614263
2994.559	-0.733058
2994.609	-0.8382
2994.659	-0.924159
2994.709	-0.963226
2994.759	-0.934669
2994.809	-0.842393
2994.859	-0.67307
2994.909	-0.429398
2994.959	-0.131796
2995.009	0.191613
2995.059	0.524942
2995.109	0.8452
2995.159	1.141021
2995.209	1.382919
2995.259	1.569839
2995.309	1.698089
2995.359	1.754609
2995.409	1.746766
2995.459	1.694057
2995.509	1.59784
2995.559	1.466683
2995.609	1.315458
2995.659	1.142522
2995.709	0.964249
2995.759	0.802114
2995.809	0.636318
2995.859	0.476874
2995.909	0.336944
2995.959	0.206329
2996.009	0.079642
2996.059	-0.009886
2996.109	-0.074051
2996.159	-0.118027
2996.209	-0.126715
2996.259	-0.096499
2996.309	-0.02254
2996.359	0.084603
2996.409	0.213402
2996.459	0.35027
2996.509	0.491494
2996.559	0.624824
2996.609	0.729523
2996.659	0.805982
2996.709	0.847043
2996.759	0.859881
2996.809	0.83453
2996.859	0.801061
2996.909	0.738299
2996.959	0.68164
2997.009	0.633273
2997.059	0.595124
2997.109	0.562849
2997.159	0.539485
2997.209	0.538524
2997.259	0.525865
2997.309	0.515043
2997.359	0.511818
2997.409	0.500868
2997.459	0.474455
2997.509	0.448693
2997.559	0.409252
2997.609	0.369829
2997.659	0.345357
2997.709	0.318714
2997.759	0.308397
2997.809	0.324877
2997.859	0.352708
2997.909	0.386669
2997.959	0.434777
2998.009	0.479147
2998.059	0.520576
2998.109	0.568811
2998.159	0.611598
2998.209	0.65141
2998.259	0.676237
2998.309	0.700991
2998.359	0.722724
2998.409	0.737714
2998.459	0.750996
2998.509	0.759587
2998.559	0.757706
2998.609	0.755952
2998.659	0.752679
2998.709	0.74718
2998.759	0.750153
2998.809	0.75435
2998.859	0.758175
2998.909	0.767111
2998.959	0.775637
2999.009	0.785491
2999.059	0.803821
2999.109	0.816356
2999.159	0.843713
2999.209	0.874417
2999.259	0.901403
2999.309	0.916997
2999.359	0.934138
2999.409	0.941431
2999.459	0.937388
2999.509	0.92138
2999.559	0.895643
2999.609	0.861508
2999.659	0.822132
2999.709	0.795585
2999.759	0.783966
2999.809	0.790742
2999.859	0.797206
2999.909	0.803182
2999.959	0.788712
3000.009	0.75961
3000.059	0.711213
3000.109	0.658106
3000.159	0.624213
3000.209	0.603128
3000.259	0.587537
3000.309	0.589166
3000.359	0.594381
3000.409	0.604823
3000.459	0.626118
3000.509	0.643903
3000.559	0.674704
3000.609	0.689453
3000.659	0.69392
3000.709	0.697471
3000.759	0.671916
3000.809	0.638937
3000.859	0.605319
3000.909	0.570916
3000.959	0.535603
3001.009	0.518843
3001.059	0.52185
3001.109	0.538169
3001.159	0.562367
3001.209	0.604571
3001.259	0.648458
3001.309	0.695904
3001.359	0.736987
3001.409	0.774122
3001.459	0.795681
3001.509	0.804736
3001.559	0.804303
3001.609	0.809982
3001.659	0.803366
3001.709	0.786199
3001.759	0.768578
3001.809	0.73746
3001.859	0.709456
3001.909	0.685243
3001.959	0.669743
3002.009	0.682989
3002.059	0.701506
3002.109	0.722743
3002.159	0.751616
3002.209	0.784916
3002.259	0.825905
3002.309	0.858791
3002.359	0.883758
3002.409	0.899482
3002.459	0.910459
3002.509	0.903579
3002.559	0.884519
3002.609	0.875831
3002.659	0.874384
3002.709	0.882202
3002.759	0.888027
3002.809	0.918844
3002.859	0.958013
3002.909	0.989333
3002.959	1.022601
3003.009	1.045016
3003.059	1.061365
3003.109	1.06627
3003.159	1.055118
3003.209	1.028733
3003.259	0.985912
3003.309	0.949931
3003.359	0.909781
3003.409	0.875106
3003.459	0.840701
3003.509	0.798562
3003.559	0.767307
3003.609	0.74929
3003.659	0.740296
3003.709	0.751052
3003.759	0.765121
3003.809	0.788021
3003.859	0.836417
3003.909	0.888156
3003.959	0.939119
3004.009	0.992887
3004.059	1.037414
3004.109	1.078675
3004.159	1.107205
3004.209	1.146305
3004.259	1.173658
3004.309	1.199432
3004.359	1.227647
3004.409	1.247601
3004.459	1.256356
3004.509	1.250951
3004.559	1.235938
3004.609	1.210709
3004.659	1.173813
3004.709	1.131354
3004.759	1.076637
3004.809	1.030593
3004.859	0.988551
3004.909	0.937058
3004.959	0.879419
3005.009	0.825899
3005.059	0.783905
3005.109	0.741521
3005.159	0.711655
3005.209	0.686669
3005.259	0.673289
3005.309	0.660945
3005.359	0.658528
3005.409	0.663983
3005.459	0.653063
3005.509	0.646415
3005.559	0.645286
3005.609	0.645194
3005.66	0.646444
3005.71	0.650483
3005.76	0.66025
3005.81	0.676082
3005.86	0.697684
3005.91	0.714487
3005.96	0.72873
3006.01	0.745357
3006.06	0.764957
3006.11	0.799215
3006.16	0.82531
3006.21	0.851676
3006.26	0.880086
3006.31	0.912705
3006.36	0.950068
3006.41	0.961415
3006.46	0.962424
3006.51	0.963884
3006.56	0.944907
3006.61	0.912469
3006.66	0.879718
3006.71	0.837572
3006.76	0.798625
3006.81	0.774603
3006.86	0.756494
3006.91	0.734549
3006.96	0.722552
3007.01	0.720089
3007.06	0.715073
3007.11	0.706024
3007.16	0.700008
3007.21	0.678204
3007.26	0.665353
3007.31	0.649889
3007.36	0.618979
3007.41	0.593454
3007.46	0.58113
3007.51	0.567248
3007.56	0.529649
3007.61	0.496075
3007.66	0.468886
3007.71	0.428445
3007.76	0.372665
3007.81	0.30258
3007.86	0.227468
3007.91	0.129468
3007.96	0.035121
3008.01	-0.057212
3008.06	-0.135956
3008.11	-0.185762
3008.16	-0.186363
3008.21	-0.144428
3008.26	-0.070208
3008.31	0.033138
3008.36	0.150295
3008.41	0.2578
3008.46	0.369557
3008.51	0.477546
3008.56	0.597158
3008.61	0.733554
3008.66	0.891305
3008.71	1.051199
3008.76	1.20336
3008.81	1.330199
3008.86	1.430284
3008.91	1.486457
3008.96	1.50694
3009.01	1.500403
3009.06	1.45724
3009.11	1.381051
3009.16	1.273705
3009.21	1.136464
3009.26	0.974843
3009.31	0.807083
3009.36	0.631483
3009.41	0.480215
3009.46	0.344336
3009.51	0.237376
3009.56	0.153536
3009.61	0.093592
3009.66	0.049627
3009.71	0.021533
3009.76	-0.007343
3009.81	-0.028693
3009.86	-0.062303
3009.91	-0.091667
3009.96	-0.125292
3010.01	-0.156351
3010.06	-0.1759
3010.11	-0.17772
3010.16	-0.164166
3010.21	-0.140564
3010.26	-0.11487
3010.31	-0.073649
3010.36	-0.051025
3010.41	-0.015864
3010.46	0.021663
3010.51	0.045102
3010.56	0.052965
3010.61	0.048444
3010.66	0.046527
3010.71	0.025583
3010.76	0.004112
3010.81	-0.018016
3010.86	-0.030597
3010.91	-0.043909
3010.96	-0.033554
3011.01	-0.030262
3011.06	-0.02382
3011.11	-0.019279
3011.16	-0.014681
3011.21	-0.004012
3011.26	-0.007541
3011.31	-0.016964
3011.36	-0.045209
3011.41	-0.081508
3011.46	-0.132315
3011.51	-0.183291
3011.56	-0.235249
3011.61	-0.304482
3011.66	-0.373468
3011.71	-0.43886
3011.76	-0.488866
3011.81	-0.525802
3011.86	-0.546399
3011.91	-0.563051
3011.96	-0.572983
3012.01	-0.567513
3012.06	-0.547728
3012.11	-0.515956
3012.16	-0.471079
3012.21	-0.423041
3012.26	-0.357965
3012.31	-0.294101
3012.36	-0.222904
3012.41	-0.153259
3012.46	-0.085265
3012.51	-0.023515
3012.56	0.035121
3012.61	0.087905
3012.66	0.133265
3012.71	0.167732
3012.76	0.187975
3012.81	0.192471
3012.86	0.192433
3012.91	0.182082
3012.96	0.161631
3013.01	0.145989
3013.06	0.118363
3013.11	0.090287
3013.16	0.068347
3013.21	0.05386
3013.26	0.040628
3013.31	0.037716
3013.36	0.033836
3013.41	0.036389
3013.46	0.026158
3013.51	0.015679
3013.56	-0.005605
3013.61	-0.041118
3013.66	-0.08491
3013.71	-0.125599
3013.76	-0.163237
3013.81	-0.207887
3013.86	-0.248047
3013.91	-0.279603
3013.96	-0.29891
3014.01	-0.30748
3014.06	-0.302635
3014.11	-0.299038
3014.16	-0.288179
3014.21	-0.273267
3014.26	-0.268721
3014.31	-0.265034
3014.36	-0.266919
3014.41	-0.278574
3014.46	-0.297596
3014.51	-0.332792
3014.56	-0.36458
3014.61	-0.395972
3014.66	-0.429468
3014.71	-0.459976
3014.76	-0.494402
3014.81	-0.510565
3014.86	-0.513248
3014.91	-0.502491
3014.96	-0.484445
3015.01	-0.464995
3015.06	-0.437583
3015.11	-0.406817
3015.16	-0.385164
3015.21	-0.368961
3015.26	-0.369316
3015.31	-0.376537
3015.36	-0.388383
3015.41	-0.401604
3015.46	-0.420141
3015.51	-0.443689
3015.56	-0.469078
3015.61	-0.473261
3015.66	-0.478858
3015.71	-0.481337
3015.76	-0.486235
3015.81	-0.488053
3015.86	-0.484192
3015.91	-0.491678
3015.96	-0.498827
3016.01	-0.508596
3016.06	-0.534423
3016.11	-0.54701
3016.16	-0.564815
3016.21	-0.580351
3016.26	-0.589857
3016.31	-0.611595
3016.36	-0.62209
3016.41	-0.627309
3016.46	-0.624767
3016.51	-0.614745
3016.56	-0.595996
3016.61	-0.579961
3016.66	-0.563151
3016.71	-0.55676
3016.76	-0.549363
3016.81	-0.54299
3016.86	-0.550794
3016.91	-0.565596
3016.96	-0.576812
3017.01	-0.602624
3017.06	-0.640608
3017.11	-0.678062
3017.16	-0.721083
3017.21	-0.75754
3017.26	-0.773797
3017.31	-0.788296
3017.36	-0.794774
3017.41	-0.788134
3017.46	-0.775474
3017.51	-0.749506
3017.56	-0.717414
3017.61	-0.681266
3017.66	-0.642843
3017.71	-0.602868
3017.76	-0.572757
3017.81	-0.547272
3017.86	-0.526043
3017.91	-0.509917
3017.96	-0.485583
3018.01	-0.46915
3018.06	-0.466578
3018.11	-0.464575
3018.16	-0.463214
3018.21	-0.460747
3018.26	-0.465967
3018.31	-0.463426
3018.36	-0.462885
3018.41	-0.473588
3018.46	-0.482951
3018.51	-0.490242
3018.56	-0.510529
3018.61	-0.537368
3018.66	-0.553481
3018.71	-0.576062
3018.76	-0.592215
3018.81	-0.608001
3018.86	-0.624126
3018.91	-0.647209
3018.96	-0.669893
3019.01	-0.683812
3019.06	-0.698641
3019.11	-0.698613
3019.16	-0.702306
3019.21	-0.706102
3019.26	-0.71148
3019.31	-0.713565
3019.36	-0.713029
3019.41	-0.720085
3019.46	-0.723901
3019.51	-0.723276
3019.56	-0.734981
3019.61	-0.742875
3019.66	-0.744831
3019.71	-0.748406
3019.76	-0.741565
3019.81	-0.735637
3019.86	-0.734852
3019.91	-0.736274
3019.96	-0.741834
3020.01	-0.745894
3020.06	-0.757471
3020.11	-0.767743
3020.16	-0.777677
3020.21	-0.780878
3020.26	-0.774326
3020.31	-0.778399
3020.36	-0.78415
3020.41	-0.786729
3020.46	-0.78481
3020.51	-0.791963
3020.56	-0.80117
3020.61	-0.80751
3020.66	-0.810014
3020.71	-0.81328
3020.76	-0.819265
3020.81	-0.824992
3020.86	-0.832936
3020.91	-0.8304
3020.96	-0.825926
3021.01	-0.808805
3021.06	-0.792577
3021.11	-0.77295
3021.16	-0.753027
3021.21	-0.739279
3021.26	-0.7226
3021.31	-0.704184
3021.36	-0.694397
3021.41	-0.686448
3021.46	-0.683724
3021.51	-0.685966
3021.56	-0.694389
3021.61	-0.711388
3021.66	-0.720976
3021.71	-0.733616
3021.76	-0.745183
3021.81	-0.758311
3021.86	-0.772251
3021.91	-0.781983
3021.96	-0.792586
3022.01	-0.808077
3022.061	-0.829531
3022.111	-0.853158
3022.161	-0.878978
3022.211	-0.912344
3022.261	-0.943591
3022.311	-0.968893
3022.361	-1.000699
3022.411	-1.031864
3022.461	-1.059305
3022.511	-1.094009
3022.561	-1.131882
3022.611	-1.165629
3022.661	-1.205585
3022.711	-1.231424
3022.761	-1.261714
3022.811	-1.292533
3022.861	-1.317058
3022.911	-1.349343
3022.961	-1.36653
3023.011	-1.373473
3023.061	-1.375982
3023.111	-1.374281
3023.161	-1.365619
3023.211	-1.347458
3023.261	-1.32866
3023.311	-1.304731
3023.361	-1.27057
3023.411	-1.246002
3023.461	-1.212223
3023.511	-1.181697
3023.561	-1.150833
3023.611	-1.116853
3023.661	-1.06868
3023.711	-1.022577
3023.761	-0.983592
3023.811	-0.943201
3023.861	-0.88843
3023.911	-0.836804
3023.961	-0.790251
3024.011	-0.76108
3024.061	-0.744821
3024.111	-0.745324
3024.161	-0.769528
3024.211	-0.816904
3024.261	-0.880859
3024.311	-0.959835
3024.361	-1.037852
3024.411	-1.124873
3024.461	-1.217636
3024.511	-1.301734
3024.561	-1.372368
3024.611	-1.435147
3024.661	-1.475963
3024.711	-1.514521
3024.761	-1.53961
3024.811	-1.551269
3024.861	-1.55754
3024.911	-1.559835
3024.961	-1.543928
3025.011	-1.526847
3025.061	-1.512565
3025.111	-1.492289
3025.161	-1.471246
3025.211	-1.46531
3025.261	-1.453376
3025.311	-1.445827
3025.361	-1.441341
3025.411	-1.43375
3025.461	-1.419115
3025.511	-1.38725
3025.561	-1.360833
3025.611	-1.31252
3025.661	-1.267941
3025.711	-1.229803
3025.761	-1.184447
3025.811	-1.148695
3025.861	-1.123513
3025.911	-1.101309
3025.961	-1.083145
3026.011	-1.064949
3026.061	-1.042472
3026.111	-1.036142
3026.161	-1.042963
3026.211	-1.0435
3026.261	-1.044866
3026.311	-1.041447
3026.361	-1.049224
3026.411	-1.044107
3026.461	-1.037003
3026.511	-1.027594
3026.561	-1.012947
3026.611	-1.002788
3026.661	-0.994631
3026.711	-0.992056
3026.761	-0.982914
3026.811	-0.978271
3026.861	-0.989255
3026.911	-0.997785
3026.961	-1.009351
3027.011	-1.029842
3027.061	-1.059307
3027.111	-1.086048
3027.161	-1.121617
3027.211	-1.15105
3027.261	-1.180694
3027.311	-1.211753
3027.361	-1.224103
3027.411	-1.235581
3027.461	-1.235145
3027.511	-1.225198
3027.561	-1.216604
3027.611	-1.198969
3027.661	-1.170639
3027.711	-1.136553
3027.761	-1.113157
3027.811	-1.094559
3027.861	-1.066379
3027.911	-1.056506
3027.961	-1.061437
3028.011	-1.072253
3028.061	-1.085268
3028.111	-1.104539
3028.161	-1.134397
3028.211	-1.165449
3028.261	-1.193415
3028.311	-1.21349
3028.361	-1.218973
3028.411	-1.220909
3028.461	-1.213953
3028.511	-1.200064
3028.561	-1.177519
3028.611	-1.159909
3028.661	-1.140556
3028.711	-1.133875
3028.761	-1.136187
3028.811	-1.138047
3028.861	-1.140213
3028.911	-1.150284
3028.961	-1.148982
3029.011	-1.149533
3029.061	-1.140489
3029.111	-1.126803
3029.161	-1.105507
3029.211	-1.086871
3029.261	-1.076619
3029.311	-1.071064
3029.361	-1.065556
3029.411	-1.067336
3029.461	-1.072074
3029.511	-1.08253
3029.561	-1.101029
3029.611	-1.116543
3029.661	-1.132845
3029.711	-1.153018
3029.761	-1.162117
3029.811	-1.165965
3029.861	-1.167879
3029.911	-1.162767
3029.961	-1.153323
3030.011	-1.143968
3030.061	-1.142705
3030.111	-1.134659
3030.161	-1.137339
3030.211	-1.150795
3030.261	-1.15228
3030.311	-1.16034
3030.361	-1.167398
3030.411	-1.164902
3030.461	-1.152608
3030.511	-1.134944
3030.561	-1.104219
3030.611	-1.067034
3030.661	-1.034193
3030.711	-0.986557
3030.761	-0.93347
3030.811	-0.891282
3030.861	-0.855826
3030.911	-0.821873
3030.961	-0.790434
3031.011	-0.756194
3031.061	-0.724593
3031.111	-0.706493
3031.161	-0.694641
3031.211	-0.670372
3031.261	-0.65413
3031.311	-0.638443
3031.361	-0.619063
3031.411	-0.604149
3031.461	-0.5893
3031.511	-0.592222
3031.561	-0.595689
3031.611	-0.602707
3031.661	-0.61077
3031.711	-0.622968
3031.761	-0.642485
3031.811	-0.671462
3031.861	-0.705119
3031.911	-0.742791
3031.961	-0.785291
3032.011	-0.831145
3032.061	-0.866319
3032.111	-0.909588
3032.161	-0.948616
3032.211	-0.995775
3032.261	-1.032594
3032.311	-1.068978
3032.361	-1.10422
3032.411	-1.130961
3032.461	-1.157244
3032.511	-1.188752
3032.561	-1.216672
3032.611	-1.23517
3032.661	-1.24131
3032.711	-1.239023
3032.761	-1.224724
3032.811	-1.207806
3032.861	-1.175088
3032.911	-1.138924
3032.961	-1.096442
3033.011	-1.051358
3033.061	-1.007598
3033.111	-0.962123
3033.161	-0.916629
3033.211	-0.872509
3033.261	-0.836394
3033.311	-0.814145
3033.361	-0.792343
3033.411	-0.780052
3033.461	-0.763853
3033.511	-0.754451
3033.561	-0.748828
3033.611	-0.741577
3033.661	-0.728838
3033.711	-0.716461
3033.761	-0.687835
3033.811	-0.665183
3033.861	-0.635174
3033.911	-0.601683
3033.961	-0.566896
3034.011	-0.522898
3034.061	-0.466404
3034.111	-0.420254
3034.161	-0.373367
3034.211	-0.321182
3034.261	-0.269149
3034.311	-0.221305
3034.361	-0.18252
3034.411	-0.142272
3034.461	-0.112073
3034.511	-0.091677
3034.561	-0.084998
3034.611	-0.076511
3034.661	-0.076527
3034.711	-0.074712
3034.761	-0.087023
3034.811	-0.087554
3034.861	-0.071131
3034.911	-0.055654
3034.961	-0.048761
3035.011	-0.044386
3035.061	-0.042338
3035.111	-0.046793
3035.161	-0.056211
3035.211	-0.079652
3035.261	-0.109554
3035.311	-0.142573
3035.361	-0.188657
3035.411	-0.226317
3035.461	-0.264492
3035.511	-0.29966
3035.561	-0.326714
3035.611	-0.362356
3035.661	-0.396416
3035.711	-0.424589
3035.761	-0.466627
3035.811	-0.518947
3035.861	-0.566825
3035.911	-0.615487
3035.961	-0.668953
3036.011	-0.717713
3036.061	-0.761986
3036.111	-0.80826
3036.161	-0.84737
3036.211	-0.879383
3036.261	-0.903299
3036.311	-0.926051
3036.361	-0.942523
3036.411	-0.967741
3036.461	-0.981279
3036.511	-0.984569
3036.561	-0.993684
3036.611	-1.005417
3036.661	-1.0076
3036.711	-1.006065
3036.761	-1.012298
3036.811	-1.007174
3036.861	-0.994032
3036.911	-0.993422
3036.961	-1.000908
3037.011	-0.994948
3037.061	-0.991202
3037.111	-0.989335
3037.161	-0.989636
3037.211	-0.990126
3037.261	-0.994521
3037.311	-0.999027
3037.361	-0.994513
3037.411	-0.987744
3037.461	-0.970254
3037.511	-0.96132
3037.561	-0.927802
3037.611	-0.889779
3037.661	-0.849661
3037.711	-0.802726
3037.761	-0.739972
3037.811	-0.682104
3037.861	-0.613577
3037.911	-0.545171
3037.961	-0.474918
3038.011	-0.403702
3038.061	-0.335157
3038.111	-0.260574
3038.161	-0.182589
3038.211	-0.114442
3038.261	-0.043502
3038.311	0.036959
3038.361	0.114969
3038.411	0.190328
3038.462	0.263777
3038.512	0.332062
3038.562	0.38642
3038.612	0.424757
3038.662	0.453647
3038.712	0.464508
3038.762	0.456333
3038.812	0.441826
3038.862	0.418561
3038.912	0.387181
3038.962	0.350901
3039.012	0.309514
3039.062	0.270045
3039.112	0.23647
3039.162	0.206583
3039.212	0.167107
3039.262	0.139441
3039.312	0.116557
3039.362	0.100201
3039.412	0.090997
3039.462	0.087978
3039.512	0.07192
3039.562	0.066493
3039.612	0.070312
3039.662	0.071373
3039.712	0.072399
3039.762	0.071002
3039.812	0.062209
3039.862	0.055494
3039.912	0.042986
3039.962	0.02716
3040.012	0.027559
3040.062	0.012026
3040.112	-0.001914
3040.162	0.000171
3040.212	-0.004786
3040.262	-0.0082
3040.312	-0.010008
3040.362	-0.015244
3040.412	-0.02426
3040.462	-0.028367
3040.512	-0.034557
3040.562	-0.041526
3040.612	-0.045065
3040.662	-0.055663
3040.712	-0.067862
3040.762	-0.075614
3040.812	-0.080732
3040.862	-0.088621
3040.912	-0.092719
3040.962	-0.091809
3041.012	-0.088038
3041.062	-0.090914
3041.112	-0.089842
3041.162	-0.08598
3041.212	-0.074115
3041.262	-0.059994
3041.312	-0.043575
3041.362	-0.027456
3041.412	-0.006409
3041.462	0.010684
3041.512	0.016896
3041.562	0.015622
3041.612	0.004114
3041.662	-0.02266
3041.712	-0.062688
3041.762	-0.095728
3041.812	-0.130081
3041.862	-0.172781
3041.912	-0.209351
3041.962	-0.250371
3042.012	-0.26953
3042.062	-0.280389
3042.112	-0.278475
3042.162	-0.258687
3042.212	-0.247763
3042.262	-0.228922
3042.312	-0.193097
3042.362	-0.15748
3042.412	-0.128403
3042.462	-0.097265
3042.512	-0.068288
3042.562	-0.04809
3042.612	-0.031125
3042.662	0.000723
3042.712	0.020353
3042.762	0.034638
3042.812	0.04703
3042.862	0.06558
3042.912	0.066434
3042.962	0.068284
3043.012	0.07551
3043.062	0.079382
3043.112	0.087856
3043.162	0.097222
3043.212	0.116274
3043.262	0.128904
3043.312	0.136108
3043.362	0.15025
3043.412	0.164749
3043.462	0.16165
3043.512	0.150396
3043.562	0.143656
3043.612	0.129464
3043.662	0.107687
3043.712	0.080552
3043.762	0.050434
3043.812	0.040273
3043.862	0.0351
3043.912	0.04537
3043.962	0.06452
3044.012	0.095265
3044.062	0.137096
3044.112	0.175911
3044.162	0.22032
3044.212	0.26089
3044.262	0.27795
3044.312	0.2907
3044.362	0.28636
3044.412	0.264293
3044.462	0.230748
3044.512	0.18749
3044.562	0.146477
3044.612	0.107429
3044.662	0.073592
3044.712	0.048034
3044.762	0.028763
3044.812	0.023475
3044.862	0.018316
3044.912	0.015272
3044.962	0.004623
3045.012	-0.002984
3045.062	-0.03034
3045.112	-0.055676
3045.162	-0.083481
3045.212	-0.106851
3045.262	-0.134781
3045.312	-0.153818
3045.362	-0.16893
3045.412	-0.167195
3045.462	-0.154122
3045.512	-0.140578
3045.562	-0.124539
3045.612	-0.095361
3045.662	-0.076234
3045.712	-0.056436
3045.762	-0.033954
3045.812	-0.012131
3045.862	-0.002139
3045.912	-0.002367
3045.962	0.003015
3046.012	0.007055
3046.062	0.014429
3046.112	0.020784
3046.162	0.034805
3046.212	0.04503
3046.262	0.046587
3046.312	0.053778
3046.362	0.063085
3046.412	0.064224
3046.462	0.066789
3046.512	0.066429
3046.562	0.060549
3046.612	0.047493
3046.662	0.029346
3046.712	0.006135
3046.762	-0.017893
3046.812	-0.037922
3046.862	-0.057866
3046.912	-0.081625
3046.962	-0.109793
3047.012	-0.123266
3047.062	-0.135178
3047.112	-0.149759
3047.162	-0.159812
3047.212	-0.166526
3047.262	-0.156245
3047.312	-0.135983
3047.362	-0.112982
3047.412	-0.085441
3047.462	-0.04645
3047.512	-0.014294
3047.562	0.021724
3047.612	0.061912
3047.662	0.074247
3047.712	0.080531
3047.762	0.073502
3047.812	0.052461
3047.862	0.01915
3047.912	-0.016279
3047.962	-0.063501
3048.012	-0.116379
3048.062	-0.17363
3048.112	-0.222551
3048.162	-0.270883
3048.212	-0.313664
3048.262	-0.339815
3048.312	-0.357557
3048.362	-0.374659
3048.412	-0.38548
3048.462	-0.39122
3048.512	-0.393139
3048.562	-0.397797
3048.612	-0.403096
3048.662	-0.405605
3048.712	-0.408336
3048.762	-0.403257
3048.812	-0.39275
3048.862	-0.38648
3048.912	-0.369751
3048.962	-0.345593
3049.012	-0.317604
3049.062	-0.286604
3049.112	-0.245616
3049.162	-0.207202
3049.212	-0.169434
3049.262	-0.131275
3049.312	-0.09391
3049.362	-0.071715
3049.412	-0.055642
3049.462	-0.030085
3049.512	-0.015367
3049.562	-0.005264
3049.612	0.003622
3049.662	0.010029
3049.712	0.017117
3049.762	0.019097
3049.812	0.029463
3049.862	0.040556
3049.912	0.044941
3049.962	0.052674
3050.012	0.060195