2850.	0.008667
2850.05	0.005553
2850.1	0.005816
2850.15	0.005142
2850.2	0.001318
2850.25	0.003111
2850.3	0.002413
2850.35	-0.001778
2850.4	0.001166
2850.45	0.003116
2850.5	0.001322
2850.55	-0.001387
2850.6	0.002358
2850.65	-0.003554
2850.7	-0.006366
2850.75	-0.004092
2850.8	-0.010356
2850.85	-0.00692
2850.9	-0.000823
2850.95	-0.004706
2851.	-0.008917
2851.05	-0.00825
2851.1	-0.006417
2851.15	-0.009386
2851.2	-0.006064
2851.25	-0.004248
2851.3	-0.002742
2851.35	-0.006289
2851.4	-0.000229
2851.45	0.0088
2851.5	0.004391
2851.55	0.003778
2851.6	0.005328
2851.65	0.000249
2851.7	-0.000978
2851.75	-0.001123
2851.8	-0.004826
2851.85	-0.006848
2851.9	-0.000425
2851.95	0.005513
2852.	0.009081
2852.05	0.007402
2852.1	0.008646
2852.15	0.016187
2852.2	0.018942
2852.25	0.021006
2852.3	0.021769
2852.35	0.021919
2852.4	0.024927
2852.45	0.02546
2852.5	0.024529
2852.55	0.030443
2852.6	0.032101
2852.65	0.030842
2852.7	0.03383
2852.75	0.039566
2852.8	0.036096
2852.85	0.037309
2852.9	0.033981
2852.95	0.039111
2853.	0.041283
2853.05	0.038468
2853.1	0.03475
2853.15	0.027923
2853.2	0.031512
2853.25	0.034851
2853.3	0.036739
2853.35	0.035373
2853.4	0.03854
2853.45	0.040701
2853.5	0.033304
2853.55	0.031247
2853.6	0.027038
2853.65	0.034663
2853.7	0.035213
2853.75	0.028826
2853.8	0.026549
2853.85	0.025088
2853.9	0.025371
2853.95	0.023207
2854.	0.017408
2854.05	0.015922
2854.1	0.015726
2854.15	0.011638
2854.2	0.003513
2854.25	-0.001882
2854.3	-0.001197
2854.35	-0.004127
2854.4	-0.010171
2854.45	-0.01221
2854.5	-0.011144
2854.55	-0.017284
2854.6	-0.014572
2854.65	-0.016096
2854.7	-0.026246
2854.75	-0.039956
2854.8	-0.041246
2854.85	-0.040584
2854.9	-0.037996
2854.95	-0.034754
2855.	-0.038743
2855.05	-0.038237
2855.1	-0.035815
2855.15	-0.035076
2855.2	-0.038783
2855.25	-0.04355
2855.3	-0.039108
2855.35	-0.038071
2855.4	-0.037862
2855.45	-0.034279
2855.5	-0.031514
2855.55	-0.038839
2855.6	-0.040235
2855.65	-0.044115
2855.7	-0.045879
2855.75	-0.047037
2855.8	-0.048239
2855.85	-0.05625
2855.9	-0.062331
2855.95	-0.07324
2856.	-0.080495
2856.05	-0.080616
2856.1	-0.088705
2856.15	-0.104486
2856.2	-0.11025
2856.25	-0.110295
2856.3	-0.119656
2856.35	-0.131573
2856.4	-0.135036
2856.45	-0.146175
2856.5	-0.162814
2856.55	-0.166912
2856.6	-0.171088
2856.65	-0.179148
2856.7	-0.186817
2856.75	-0.197953
2856.8	-0.210943
2856.85	-0.217153
2856.9	-0.227535
2856.95	-0.236814
2857.	-0.245021
2857.05	-0.254024
2857.1	-0.263344
2857.15	-0.274877
2857.2	-0.281011
2857.25	-0.292122
2857.3	-0.29957
2857.35	-0.298848
2857.4	-0.305125
2857.45	-0.317428
2857.5	-0.320234
2857.55	-0.318866
2857.6	-0.324069
2857.65	-0.329898
2857.7	-0.332079
2857.75	-0.339718
2857.8	-0.346691
2857.85	-0.353785
2857.9	-0.359919
2857.95	-0.368567
2858.	-0.361705
2858.05	-0.362161
2858.1	-0.367373
2858.15	-0.379898
2858.201	-0.386873
2858.251	-0.384368
2858.301	-0.386915
2858.351	-0.395404
2858.401	-0.394238
2858.451	-0.394913
2858.501	-0.398947
2858.551	-0.407567
2858.601	-0.412937
2858.651	-0.408315
2858.701	-0.405462
2858.751	-0.410453
2858.801	-0.414688
2858.851	-0.416237
2858.901	-0.410301
2858.951	-0.410958
2859.001	-0.418602
2859.051	-0.41447
2859.101	-0.415088
2859.151	-0.41103
2859.201	-0.408609
2859.251	-0.407519
2859.301	-0.403651
2859.351	-0.398168
2859.401	-0.390624
2859.451	-0.389215
2859.501	-0.393866
2859.551	-0.388484
2859.601	-0.379023
2859.651	-0.371037
2859.701	-0.367338
2859.751	-0.366408
2859.801	-0.361911
2859.851	-0.355606
2859.901	-0.349999
2859.951	-0.338837
2860.001	-0.331744
2860.051	-0.326211
2860.101	-0.321451
2860.151	-0.314955
2860.201	-0.317929
2860.251	-0.310572
2860.301	-0.297888
2860.351	-0.294033
2860.401	-0.287312
2860.451	-0.277754
2860.501	-0.27268
2860.551	-0.266024
2860.601	-0.256515
2860.651	-0.258386
2860.701	-0.26205
2860.751	-0.261091
2860.801	-0.258487
2860.851	-0.255468
2860.901	-0.252169
2860.951	-0.247501
2861.001	-0.252723
2861.051	-0.248089
2861.101	-0.247977
2861.151	-0.248101
2861.201	-0.250805
2861.251	-0.255434
2861.301	-0.250998
2861.351	-0.252519
2861.401	-0.255649
2861.451	-0.264031
2861.501	-0.261624
2861.551	-0.264618
2861.601	-0.264919
2861.651	-0.266452
2861.701	-0.268779
2861.751	-0.277995
2861.801	-0.288624
2861.851	-0.298651
2861.901	-0.296908
2861.951	-0.305196
2862.001	-0.317297
2862.051	-0.324186
2862.101	-0.325671
2862.151	-0.323322
2862.201	-0.330816
2862.251	-0.337361
2862.301	-0.351228
2862.351	-0.360529
2862.401	-0.366346
2862.451	-0.368167
2862.501	-0.374685
2862.551	-0.381272
2862.601	-0.381985
2862.651	-0.388064
2862.701	-0.402152
2862.751	-0.40691
2862.801	-0.412949
2862.851	-0.422207
2862.901	-0.429648
2862.951	-0.433191
2863.001	-0.441605
2863.051	-0.451218
2863.101	-0.45812
2863.151	-0.464259
2863.201	-0.475774
2863.251	-0.485965
2863.301	-0.491512
2863.351	-0.495303
2863.401	-0.509557
2863.451	-0.516927
2863.501	-0.529748
2863.551	-0.541372
2863.601	-0.551821
2863.651	-0.561159
2863.701	-0.572928
2863.751	-0.583014
2863.801	-0.590182
2863.851	-0.604853
2863.901	-0.60938
2863.951	-0.616489
2864.001	-0.629635
2864.051	-0.648287
2864.101	-0.657273
2864.151	-0.664534
2864.201	-0.677949
2864.251	-0.687107
2864.301	-0.690122
2864.351	-0.698217
2864.401	-0.709258
2864.451	-0.724001
2864.501	-0.736184
2864.551	-0.74565
2864.601	-0.754213
2864.651	-0.764378
2864.701	-0.772798
2864.751	-0.780339
2864.801	-0.784203
2864.851	-0.790478
2864.901	-0.798638
2864.951	-0.808906
2865.001	-0.813198
2865.051	-0.818468
2865.101	-0.823804
2865.151	-0.837271
2865.201	-0.846631
2865.251	-0.854639
2865.301	-0.857406
2865.351	-0.867854
2865.401	-0.871082
2865.451	-0.877866
2865.501	-0.885757
2865.551	-0.890218
2865.601	-0.893024
2865.651	-0.891769
2865.701	-0.900046
2865.751	-0.899962
2865.801	-0.900243
2865.851	-0.907735
2865.901	-0.912085
2865.951	-0.913339
2866.001	-0.913683
2866.051	-0.914647
2866.101	-0.906936
2866.151	-0.906802
2866.201	-0.90804
2866.251	-0.908846
2866.301	-0.916659
2866.351	-0.9178
2866.401	-0.910885
2866.451	-0.914325
2866.501	-0.919383
2866.551	-0.913594
2866.601	-0.918214
2866.651	-0.924003
2866.701	-0.922875
2866.751	-0.924162
2866.801	-0.923008
2866.851	-0.924856
2866.901	-0.929268
2866.951	-0.924853
2867.001	-0.926311
2867.051	-0.929962
2867.101	-0.92634
2867.151	-0.922619
2867.201	-0.919806
2867.251	-0.918273
2867.301	-0.922748
2867.351	-0.916469
2867.401	-0.917566
2867.451	-0.917596
2867.501	-0.914038
2867.551	-0.92155
2867.601	-0.92313
2867.651	-0.91426
2867.701	-0.911543
2867.751	-0.911625
2867.801	-0.912081
2867.851	-0.912581
2867.901	-0.908462
2867.951	-0.911706
2868.001	-0.908447
2868.051	-0.899907
2868.101	-0.898897
2868.151	-0.895744
2868.201	-0.889361
2868.251	-0.890965
2868.301	-0.887606
2868.351	-0.886445
2868.401	-0.886985
2868.451	-0.886535
2868.501	-0.874442
2868.551	-0.867929
2868.601	-0.867022
2868.651	-0.871092
2868.701	-0.866939
2868.751	-0.865533
2868.801	-0.866442
2868.851	-0.865637
2868.901	-0.862687
2868.951	-0.86111
2869.001	-0.853547
2869.051	-0.842746
2869.101	-0.833028
2869.151	-0.823521
2869.201	-0.81702
2869.251	-0.802294
2869.301	-0.790067
2869.351	-0.786894
2869.401	-0.789058
2869.451	-0.787759
2869.501	-0.792944
2869.551	-0.79655
2869.601	-0.798423
2869.651	-0.814291
2869.701	-0.832345
2869.751	-0.843707
2869.801	-0.860229
2869.851	-0.870967
2869.901	-0.886093
2869.951	-0.89981
2870.001	-0.905495
2870.051	-0.915827
2870.101	-0.923251
2870.151	-0.921864
2870.201	-0.91983
2870.251	-0.915122
2870.301	-0.909892
2870.351	-0.899121
2870.401	-0.881486
2870.451	-0.866405
2870.501	-0.850209
2870.551	-0.829912
2870.601	-0.815198
2870.651	-0.80397
2870.701	-0.805764
2870.751	-0.817632
2870.801	-0.827483
2870.851	-0.842238
2870.901	-0.871505
2870.951	-0.898668
2871.001	-0.918661
2871.051	-0.937426
2871.101	-0.950941
2871.151	-0.96075
2871.201	-0.961925
2871.251	-0.960597
2871.301	-0.952528
2871.351	-0.955032
2871.401	-0.964741
2871.451	-0.969653
2871.501	-0.971205
2871.551	-0.974129
2871.601	-0.968989
2871.651	-0.95763
2871.701	-0.946908
2871.751	-0.929626
2871.801	-0.911893
2871.851	-0.890763
2871.901	-0.874992
2871.951	-0.867871
2872.001	-0.865161
2872.051	-0.870615
2872.101	-0.880726
2872.151	-0.892259
2872.201	-0.895071
2872.251	-0.89254
2872.301	-0.891744
2872.351	-0.884976
2872.401	-0.880432
2872.451	-0.865592
2872.501	-0.856348
2872.551	-0.860673
2872.601	-0.87685
2872.651	-0.886357
2872.701	-0.902005
2872.751	-0.908614
2872.801	-0.915592
2872.851	-0.914048
2872.901	-0.915968
2872.951	-0.914252
2873.001	-0.915744
2873.051	-0.912207
2873.101	-0.906295
2873.151	-0.911858
2873.201	-0.914236
2873.251	-0.908637
2873.301	-0.9173
2873.351	-0.9237
2873.401	-0.928187
2873.451	-0.940917
2873.501	-0.970394
2873.551	-1.006732
2873.601	-1.040396
2873.651	-1.081554
2873.701	-1.13741
2873.751	-1.198447
2873.801	-1.278859
2873.851	-1.372621
2873.901	-1.482535
2873.951	-1.608427
2874.001	-1.740375
2874.051	-1.879885
2874.101	-2.022878
2874.151	-2.152223
2874.201	-2.26406
2874.251	-2.333631
2874.301	-2.362807
2874.351	-2.32119
2874.401	-2.201517
2874.451	-1.976291
2874.501	-1.642578
2874.551	-1.183092
2874.602	-0.602036
2874.652	0.096062
2874.702	0.878254
2874.752	1.722135
2874.802	2.57094
2874.852	3.360074
2874.902	4.049881
2874.952	4.582971
2875.002	4.911218
2875.052	4.993019
2875.102	4.831285
2875.152	4.41953
2875.202	3.780817
2875.252	2.95716
2875.302	1.999947
2875.352	0.956788
2875.402	-0.139502
2875.452	-1.236997
2875.502	-2.319642
2875.552	-3.369876
2875.602	-4.376722
2875.652	-5.336203
2875.702	-6.230739
2875.752	-7.045993
2875.802	-7.76902
2875.852	-8.372662
2875.902	-8.85095
2875.952	-9.214843
2876.002	-9.505756
2876.052	-9.750458
2876.102	-10.013972
2876.152	-10.354404
2876.202	-10.782036
2876.252	-11.287464
2876.302	-11.808848
2876.352	-12.207723
2876.402	-12.294071
2876.452	-11.839558
2876.502	-10.579516
2876.552	-8.288922
2876.602	-4.759954
2876.652	0.107369
2876.702	6.286471
2876.752	13.590574
2876.802	21.646951
2876.852	29.901379
2876.902	37.647814
2876.952	44.066015
2877.002	48.338265
2877.052	49.720297
2877.102	47.682321
2877.152	42.053709
2877.202	33.054085
2877.252	21.342357
2877.302	7.955586
2877.352	-5.803965
2877.402	-18.566735
2877.452	-29.129823
2877.502	-36.648161
2877.552	-40.745262
2877.602	-41.641773
2877.652	-40.015183
2877.702	-36.872559
2877.752	-33.25428
2877.802	-29.957304
2877.852	-27.346432
2877.902	-25.231225
2877.952	-22.990581
2878.002	-19.747077
2878.052	-14.737998
2878.102	-7.642322
2878.152	1.207307
2878.202	10.747151
2878.252	19.398021
2878.302	25.424142
2878.352	27.442448
2878.402	24.826105
2878.452	17.975468
2878.502	8.324882
2878.552	-2.001469
2878.602	-10.715523
2878.652	-15.924145
2878.702	-16.637993
2878.752	-12.974461
2878.802	-6.102141
2878.852	2.161958
2878.902	9.819872
2878.952	15.267826
2879.002	17.611184
2879.052	16.771126
2879.102	13.327
2879.152	8.269146
2879.202	2.606972
2879.252	-2.863085
2879.302	-7.610185
2879.352	-11.326989
2879.402	-13.795042
2879.452	-14.77865
2879.502	-14.035752
2879.552	-11.40785
2879.602	-7.01984
2879.652	-1.384463
2879.702	4.62848
2879.752	9.921415
2879.802	13.434735
2879.852	14.499893
2879.902	13.027822
2879.952	9.520822
2880.002	4.936915
2880.052	0.38133
2880.102	-3.229102
2880.152	-5.382179
2880.202	-5.99971
2880.252	-5.386011
2880.302	-4.030995
2880.352	-2.38113
2880.402	-0.755022
2880.452	0.685502
2880.502	1.884735
2880.552	2.769524
2880.602	3.253989
2880.652	3.196099
2880.702	2.53512
2880.752	1.344499
2880.802	-0.146686
2880.852	-1.585367
2880.902	-2.61865
2880.952	-3.020728
2881.002	-2.739179
2881.052	-1.979751
2881.102	-1.043863
2881.152	-0.245774
2881.202	0.195815
2881.252	0.214536
2881.302	-0.097901
2881.352	-0.586833
2881.402	-1.085746
2881.452	-1.485097
2881.502	-1.731099
2881.552	-1.776201
2881.602	-1.593919
2881.652	-1.148896
2881.702	-0.446641
2881.752	0.468245
2881.802	1.423321
2881.852	2.182763
2881.902	2.501294
2881.952	2.194446
2882.002	1.239883
2882.052	-0.218343
2882.102	-1.903158
2882.152	-3.494609
2882.202	-4.665075
2882.252	-5.219194
2882.302	-5.076036
2882.352	-4.260928
2882.402	-2.896067
2882.452	-1.154269
2882.502	0.777321
2882.552	2.665808
2882.602	4.230465
2882.652	5.218477
2882.702	5.417425
2882.752	4.729227
2882.802	3.21449
2882.852	1.096472
2882.902	-1.258211
2882.952	-3.421654
2883.002	-5.008545
2883.052	-5.761782
2883.102	-5.576492
2883.152	-4.507788
2883.202	-2.760141
2883.252	-0.601155
2883.302	1.666676
2883.352	3.736042
2883.402	5.318522
2883.452	6.161682
2883.502	6.076639
2883.552	5.020642
2883.602	3.080929
2883.652	0.549582
2883.702	-2.145971
2883.752	-4.563509
2883.802	-6.299457
2883.852	-7.085196
2883.902	-6.851416
2883.952	-5.664702
2884.002	-3.700872
2884.052	-1.241308
2884.102	1.409998
2884.152	3.901528
2884.202	5.85086
2884.252	6.920458
2884.302	6.911503
2884.352	5.8156
2884.402	3.826105
2884.452	1.317248
2884.502	-1.262227
2884.552	-3.50929
2884.602	-5.11651
2884.652	-5.930166
2884.702	-5.88881
2884.752	-5.031232
2884.802	-3.515598
2884.852	-1.557984
2884.902	0.554046
2884.952	2.481547
2885.002	3.921611
2885.052	4.65237
2885.102	4.559699
2885.152	3.674958
2885.202	2.115939
2885.252	0.094528
2885.302	-2.092632
2885.352	-4.106004
2885.402	-5.591509
2885.452	-6.292238
2885.502	-6.088416
2885.552	-5.049669
2885.602	-3.397752
2885.652	-1.433753
2885.702	0.553629
2885.752	2.32776
2885.802	3.730307
2885.852	4.601209
2885.902	4.824783
2885.952	4.301594
2886.002	3.072043
2886.052	1.326824
2886.102	-0.591301
2886.152	-2.287549
2886.202	-3.453969
2886.252	-3.951127
2886.302	-3.814949
2886.352	-3.170165
2886.402	-2.160838
2886.452	-0.896992
2886.502	0.516611
2886.552	1.91022
2886.602	3.06119
2886.652	3.705448
2886.702	3.686445
2886.752	3.003513
2886.802	1.845765
2886.852	0.493608
2886.902	-0.786192
2886.952	-1.825077
2887.002	-2.570985
2887.052	-3.008561
2887.102	-3.123217
2887.152	-2.86251
2887.202	-2.209855
2887.252	-1.231017
2887.302	-0.089588
2887.352	0.987488
2887.402	1.803637
2887.452	2.244606
2887.502	2.302837
2887.552	2.030278
2887.602	1.472127
2887.652	0.711191
2887.702	-0.178622
2887.752	-1.066071
2887.802	-1.779339
2887.852	-2.174707
2887.902	-2.191369
2887.952	-1.858315
2888.002	-1.309784
2888.052	-0.692357
2888.102	-0.085794
2888.152	0.463706
2888.202	0.929703
2888.252	1.285344
2888.302	1.453514
2888.352	1.392548
2888.402	1.101398
2888.452	0.65237
2888.502	0.152007
2888.552	-0.267067
2888.602	-0.549788
2888.652	-0.695031
2888.702	-0.73794
2888.752	-0.705511
2888.802	-0.610306
2888.852	-0.437559
2888.902	-0.21304
2888.952	0.028577
2889.002	0.223226
2889.052	0.327579
2889.102	0.338389
2889.152	0.259309
2889.202	0.154061
2889.252	0.062848
2889.302	0.02486
2889.352	0.061025
2889.402	0.16587
2889.452	0.296177
2889.502	0.406595
2889.552	0.434922
2889.602	0.359549
2889.652	0.20318
2889.702	0.010086
2889.752	-0.143154
2889.802	-0.236526
2889.852	-0.29957
2889.902	-0.358209
2889.952	-0.40165
2890.002	-0.378499
2890.052	-0.229353
2890.102	0.085144
2890.152	0.527739
2890.202	0.964191
2890.252	1.258578
2890.302	1.31995
2890.352	1.156105
2890.402	0.834086
2890.452	0.444646
2890.502	0.027214
2890.552	-0.403859
2890.602	-0.838505
2890.652	-1.221003
2890.702	-1.477385
2890.752	-1.487172
2890.802	-1.2025
2890.852	-0.67225
2890.902	-0.000929
2890.952	0.69029
2891.003	1.281135
2891.053	1.714027
2891.103	1.946018
2891.153	1.95295
2891.203	1.710752
2891.253	1.210117
2891.303	0.509625
2891.353	-0.282277
2891.403	-1.011873
2891.453	-1.555157
2891.503	-1.834103
2891.553	-1.797311
2891.603	-1.451057
2891.653	-0.837955
2891.703	-0.033527
2891.753	0.840644
2891.803	1.659343
2891.853	2.272876
2891.903	2.565868
2891.953	2.51462
2892.003	2.130656
2892.053	1.482593
2892.103	0.63861
2892.153	-0.30503
2892.203	-1.185759
2892.253	-1.869737
2892.303	-2.236481
2892.353	-2.209199
2892.403	-1.780238
2892.453	-1.041726
2892.503	-0.1175
2892.553	0.856792
2892.603	1.754915
2892.653	2.451487
2892.703	2.817209
2892.753	2.776606
2892.803	2.312754
2892.853	1.50058
2892.903	0.479365
2892.953	-0.576755
2893.003	-1.508851
2893.053	-2.209707
2893.103	-2.617548
2893.153	-2.68157
2893.203	-2.373114
2893.253	-1.694895
2893.303	-0.714941
2893.353	0.400885
2893.403	1.456943
2893.453	2.25407
2893.503	2.667456
2893.553	2.660677
2893.603	2.259339
2893.653	1.540302
2893.703	0.581407
2893.753	-0.492588
2893.803	-1.549079
2893.853	-2.425318
2893.903	-2.946125
2893.953	-3.01387
2894.003	-2.598163
2894.053	-1.770514
2894.103	-0.670273
2894.153	0.518902
2894.203	1.625693
2894.253	2.491136
2894.303	3.001041
2894.353	3.08228
2894.403	2.734592
2894.453	2.021062
2894.503	1.046556
2894.553	-0.051626
2894.603	-1.126086
2894.653	-2.021685
2894.703	-2.61504
2894.753	-2.784223
2894.803	-2.482042
2894.853	-1.757395
2894.903	-0.759839
2894.953	0.325095
2895.003	1.309903
2895.053	2.059447
2895.103	2.507234
2895.153	2.615283
2895.203	2.377294
2895.253	1.793169
2895.303	0.910546
2895.353	-0.15499
2895.403	-1.218343
2895.453	-2.074941
2895.503	-2.580037
2895.553	-2.668197
2895.603	-2.36065
2895.653	-1.737605
2895.703	-0.890742
2895.753	0.069491
2895.803	1.033016
2895.853	1.86335
2895.903	2.438696
2895.953	2.658157
2896.003	2.481092
2896.053	1.945337
2896.103	1.153384
2896.153	0.236287
2896.203	-0.660371
2896.253	-1.406479
2896.303	-1.889485
2896.353	-2.041593
2896.403	-1.852881
2896.453	-1.343602
2896.503	-0.608131
2896.553	0.234969
2896.603	1.071216
2896.653	1.783425
2896.703	2.277689
2896.753	2.464805
2896.803	2.308027
2896.853	1.820201
2896.903	1.066494
2896.953	0.198784
2897.003	-0.633418
2897.053	-1.311128
2897.103	-1.759309
2897.153	-1.935418
2897.203	-1.823315
2897.253	-1.435702
2897.303	-0.802262
2897.353	-0.016642
2897.403	0.802058
2897.453	1.501351
2897.503	1.961982
2897.553	2.125039
2897.603	2.000601
2897.653	1.627143
2897.703	1.068705
2897.753	0.387196
2897.803	-0.333844
2897.853	-0.984238
2897.903	-1.455697
2897.953	-1.663584
2898.003	-1.574913
2898.053	-1.225391
2898.103	-0.693011
2898.153	-0.059255
2898.203	0.588706
2898.253	1.169768
2898.303	1.617102
2898.353	1.85802
2898.403	1.853559
2898.453	1.599185
2898.503	1.144451
2898.553	0.565205
2898.603	-0.04856
2898.653	-0.597043
2898.703	-1.013411
2898.753	-1.239901
2898.803	-1.249212
2898.853	-1.034996
2898.903	-0.65098
2898.953	-0.167499
2899.003	0.332885
2899.053	0.770136
2899.103	1.102447
2899.153	1.296597
2899.203	1.337955
2899.253	1.210196
2899.303	0.920997
2899.353	0.507924
2899.403	0.054632
2899.453	-0.357322
2899.503	-0.649103
2899.553	-0.774638
2899.603	-0.764246
2899.653	-0.657043
2899.703	-0.463337
2899.753	-0.19634
2899.803	0.110159
2899.853	0.426301
2899.903	0.699792
2899.953	0.873645
2900.003	0.896535
2900.053	0.780119
2900.103	0.5651
2900.153	0.291235
2900.203	0.020257
2900.253	-0.249377
2900.303	-0.486462
2900.353	-0.663273
2900.403	-0.772464
2900.453	-0.790238
2900.503	-0.732319
2900.553	-0.603578
2900.603	-0.42337
2900.653	-0.227464
2900.703	-0.057171
2900.753	0.063696
2900.803	0.121966
2900.853	0.103265
2900.903	0.028369
2900.953	-0.07344
2901.003	-0.18028
2901.053	-0.277093
2901.103	-0.371857
2901.153	-0.471985
2901.203	-0.578356
2901.253	-0.653552
2901.303	-0.678873
2901.353	-0.635318
2901.403	-0.545643
2901.453	-0.457358
2901.503	-0.383427
2901.553	-0.323698
2901.603	-0.263002
2901.653	-0.180828
2901.703	-0.077522
2901.753	0.039165
2901.803	0.134888
2901.853	0.176435
2901.903	0.176009
2901.953	0.132171
2902.003	0.074448
2902.053	0.00004
2902.103	-0.079294
2902.153	-0.17073
2902.203	-0.262929
2902.253	-0.336303
2902.303	-0.381032
2902.353	-0.380135
2902.403	-0.33066
2902.453	-0.243031
2902.503	-0.125353
2902.553	0.007968
2902.603	0.132703
2902.653	0.228167
2902.703	0.277753
2902.753	0.283076
2902.803	0.232096
2902.853	0.149481
2902.903	0.04083
2902.953	-0.113327
2903.003	-0.301826
2903.053	-0.507381
2903.103	-0.673551
2903.153	-0.753174
2903.203	-0.729573
2903.253	-0.608308
2903.303	-0.42023
2903.353	-0.201015
2903.403	0.019124
2903.453	0.219221
2903.503	0.380325
2903.553	0.476124
2903.603	0.483666
2903.653	0.367223
2903.703	0.141265
2903.753	-0.157195
2903.803	-0.476367
2903.853	-0.763239
2903.903	-0.977152
2903.953	-1.083296
2904.003	-1.07137
2904.053	-0.92638
2904.103	-0.667908
2904.153	-0.319548
2904.203	0.064518
2904.253	0.430044
2904.303	0.712203
2904.353	0.864248
2904.403	0.861635
2904.453	0.704865
2904.503	0.404166
2904.553	0.01013
2904.603	-0.416794
2904.653	-0.795605
2904.703	-1.075682
2904.753	-1.211217
2904.803	-1.204667
2904.853	-1.069642
2904.903	-0.798186
2904.953	-0.419352
2905.003	0.01397
2905.053	0.436908
2905.103	0.783722
2905.153	0.991209
2905.203	1.018044
2905.253	0.857298
2905.303	0.555431
2905.353	0.165443
2905.403	-0.255851
2905.453	-0.671971
2905.503	-1.026182
2905.553	-1.266311
2905.603	-1.322598
2905.653	-1.192777
2905.703	-0.895272
2905.753	-0.490827
2905.803	-0.037254
2905.853	0.397338
2905.903	0.759917
2905.953	0.990468
2906.003	1.075574
2906.053	0.978653
2906.103	0.715187
2906.153	0.31056
2906.203	-0.169614
2906.253	-0.665118
2906.303	-1.091424
2906.353	-1.395106
2906.403	-1.523088
2906.453	-1.456634
2906.503	-1.185438
2906.553	-0.770848
2906.603	-0.269408
2906.653	0.226944
2906.703	0.648119
2906.753	0.936358
2906.803	1.060886
2906.853	1.005293
2906.903	0.766325
2906.953	0.367216
2907.003	-0.150359
2907.053	-0.703431
2907.103	-1.195383
2907.153	-1.530662
2907.203	-1.665122
2907.253	-1.594343
2907.303	-1.335087
2907.354	-0.936801
2907.404	-0.450558
2907.454	0.064408
2907.504	0.537818
2907.554	0.889185
2907.604	1.065305
2907.654	1.023002
2907.704	0.772381
2907.754	0.348963
2907.804	-0.187666
2907.854	-0.735232
2907.904	-1.229638
2907.954	-1.585579
2908.004	-1.766721
2908.054	-1.748376
2908.104	-1.533912
2908.154	-1.154063
2908.204	-0.672341
2908.254	-0.14367
2908.304	0.342685
2908.354	0.727791
2908.404	0.937899
2908.454	0.931078
2908.504	0.694842
2908.554	0.282162
2908.604	-0.232558
2908.654	-0.776667
2908.704	-1.265781
2908.754	-1.649889
2908.804	-1.883627
2908.854	-1.936379
2908.904	-1.80129
2908.954	-1.46552
2909.004	-0.986369
2909.054	-0.44857
2909.104	0.062446
2909.154	0.447496
2909.204	0.651049
2909.254	0.640923
2909.304	0.439678
2909.354	0.084076
2909.404	-0.39397
2909.454	-0.909985
2909.504	-1.396646
2909.554	-1.782289
2909.604	-2.010889
2909.654	-2.033414
2909.704	-1.852534
2909.754	-1.482082
2909.804	-0.988159
2909.854	-0.426576
2909.904	0.121697
2909.954	0.548156
2910.004	0.804173
2910.054	0.86729
2910.104	0.737257
2910.154	0.447117
2910.204	0.033306
2910.254	-0.443898
2910.304	-0.922111
2910.354	-1.344999
2910.404	-1.625203
2910.454	-1.710794
2910.504	-1.595787
2910.554	-1.297622
2910.604	-0.876657
2910.654	-0.412175
2910.704	0.02996
2910.754	0.391433
2910.804	0.628125
2910.854	0.717601
2910.904	0.637083
2910.954	0.364732
2911.004	-0.056161
2911.054	-0.561888
2911.104	-1.072158
2911.154	-1.514205
2911.204	-1.823154
2911.254	-1.963722
2911.304	-1.923577
2911.354	-1.715815
2911.404	-1.38467
2911.454	-0.989766
2911.504	-0.585978
2911.554	-0.223268
2911.604	0.033631
2911.654	0.156858
2911.704	0.12966
2911.754	-0.053616
2911.804	-0.366921
2911.854	-0.754941
2911.904	-1.155676
2911.954	-1.499673
2912.004	-1.7082
2912.054	-1.764666
2912.104	-1.668743
2912.154	-1.445219
2912.204	-1.115389
2912.254	-0.703279
2912.304	-0.26749
2912.354	0.131113
2912.404	0.427691
2912.454	0.565269
2912.504	0.521516
2912.554	0.323267
2912.604	0.011465
2912.654	-0.361572
2912.704	-0.755932
2912.754	-1.139662
2912.804	-1.442012
2912.854	-1.641678
2912.904	-1.715624
2912.954	-1.64469
2913.004	-1.4577
2913.054	-1.196343
2913.104	-0.913192
2913.154	-0.657135
2913.204	-0.46333
2913.254	-0.365356
2913.304	-0.377881
2913.354	-0.510899
2913.404	-0.738845
2913.454	-1.01999
2913.504	-1.329777
2913.554	-1.611463
2913.604	-1.827861
2913.654	-1.945335
2913.704	-1.948616
2913.754	-1.815851
2913.804	-1.560343
2913.854	-1.215645
2913.904	-0.826173
2913.954	-0.459694
2914.004	-0.166177
2914.054	0.026901
2914.104	0.099423
2914.154	0.054347
2914.204	-0.093622
2914.254	-0.332666
2914.304	-0.628854
2914.354	-0.932027
2914.404	-1.178154
2914.454	-1.328725
2914.504	-1.347754
2914.554	-1.236915
2914.604	-1.018779
2914.654	-0.741311
2914.704	-0.441802
2914.754	-0.156129
2914.804	0.094375
2914.854	0.264913
2914.904	0.326074
2914.954	0.254786
2915.004	0.069268
2915.054	-0.214884
2915.104	-0.556341
2915.154	-0.924737
2915.204	-1.266292
2915.254	-1.537253
2915.304	-1.706043
2915.354	-1.771395
2915.404	-1.736215
2915.454	-1.611108
2915.504	-1.426499
2915.554	-1.197359
2915.604	-0.950987
2915.654	-0.719489
2915.704	-0.540504
2915.754	-0.438044
2915.804	-0.42087
2915.854	-0.476003
2915.904	-0.573457
2915.954	-0.679185
2916.004	-0.784168
2916.054	-0.868397
2916.104	-0.938363
2916.154	-0.985901
2916.204	-0.982128
2916.254	-0.915939
2916.304	-0.79595
2916.354	-0.641654
2916.404	-0.46769
2916.454	-0.327421
2916.504	-0.220432
2916.554	-0.160502
2916.604	-0.146131
2916.654	-0.183633
2916.704	-0.256681
2916.754	-0.363639
2916.804	-0.482872
2916.854	-0.601629
2916.904	-0.705002
2916.954	-0.780768
2917.004	-0.819807
2917.054	-0.808594
2917.104	-0.757172
2917.154	-0.66668
2917.204	-0.566126
2917.254	-0.474897
2917.304	-0.416305
2917.354	-0.384027
2917.404	-0.374816
2917.454	-0.393891
2917.504	-0.429272
2917.554	-0.491942
2917.604	-0.589018
2917.654	-0.705843
2917.704	-0.832463
2917.754	-0.935634
2917.804	-1.00759
2917.854	-1.035398
2917.904	-1.032376
2917.954	-1.003265
2918.004	-0.946629
2918.054	-0.874267
2918.104	-0.789021
2918.154	-0.708186
2918.204	-0.655176
2918.254	-0.64441
2918.304	-0.683709
2918.354	-0.782742
2918.404	-0.931445
2918.454	-1.10027
2918.504	-1.270985
2918.554	-1.432387
2918.604	-1.56309
2918.654	-1.649132
2918.704	-1.699433
2918.754	-1.710918
2918.804	-1.685796
2918.854	-1.638608
2918.904	-1.584564
2918.954	-1.52547
2919.004	-1.485307
2919.054	-1.491805
2919.104	-1.556522
2919.154	-1.6901
2919.204	-1.872383
2919.254	-2.08
2919.304	-2.279463
2919.354	-2.462932
2919.404	-2.624199
2919.454	-2.740577
2919.504	-2.78825
2919.554	-2.736111
2919.604	-2.549886
2919.654	-2.226906
2919.704	-1.781779
2919.754	-1.232681
2919.804	-0.586408
2919.854	0.143319
2919.904	0.927893
2919.954	1.749364
2920.004	2.592235
2920.054	3.412977
2920.104	4.182207
2920.154	4.880755
2920.204	5.469967
2920.254	5.927906
2920.304	6.196461
2920.354	6.254477
2920.404	6.079008
2920.454	5.635875
2920.504	4.895994
2920.554	3.832935
2920.604	2.461428
2920.654	0.815462
2920.704	-1.039646
2920.754	-3.017121
2920.804	-5.03355
2920.854	-6.976016
2920.904	-8.74014
2920.954	-10.229082
2921.004	-11.339301
2921.054	-11.97044
2921.104	-12.065997
2921.154	-11.613818
2921.204	-10.633669
2921.254	-9.18422
2921.304	-7.353936
2921.354	-5.239178
2921.404	-2.972478
2921.454	-0.677703
2921.504	1.504627
2921.554	3.434346
2921.604	5.013743
2921.654	6.150403
2921.704	6.771762
2921.754	6.868163
2921.804	6.448325
2921.854	5.577724
2921.904	4.340741
2921.954	2.851842
2922.004	1.250743
2922.054	-0.325966
2922.104	-1.709119
2922.154	-2.777595
2922.204	-3.447056
2922.254	-3.658125
2922.304	-3.44248
2922.354	-2.866221
2922.404	-2.058072
2922.454	-1.158913
2922.504	-0.313259
2922.554	0.340145
2922.604	0.694843
2922.654	0.706006
2922.704	0.389688
2922.754	-0.188402
2922.804	-0.893543
2922.854	-1.560665
2922.904	-2.0566
2922.954	-2.272956
2923.004	-2.172285
2923.054	-1.804014
2923.104	-1.258393
2923.154	-0.676392
2923.204	-0.185251
2923.254	0.093309
2923.304	0.106085
2923.354	-0.122114
2923.404	-0.50151
2923.454	-0.905901
2923.504	-1.160229
2923.554	-1.166658
2923.604	-0.853509
2923.654	-0.266764
2923.704	0.471852
2923.755	1.165968
2923.805	1.605668
2923.855	1.614641
2923.905	1.114492
2923.955	0.143129
2924.005	-1.130551
2924.055	-2.457373
2924.105	-3.54931
2924.155	-4.172031
2924.205	-4.18009
2924.255	-3.570833
2924.305	-2.467371
2924.355	-1.096417
2924.405	0.238669
2924.455	1.271053
2924.505	1.774156
2924.555	1.689251
2924.605	1.07656
2924.655	0.115651
2924.705	-0.927915
2924.755	-1.809009
2924.805	-2.355075
2924.855	-2.495556
2924.905	-2.277672
2924.955	-1.83687
2925.005	-1.326265
2925.055	-0.882447
2925.105	-0.614965
2925.155	-0.54755
2925.205	-0.646156
2925.255	-0.818959
2925.305	-0.98045
2925.355	-1.075685
2925.405	-1.069803
2925.455	-0.983911
2925.505	-0.865922
2925.555	-0.748979
2925.605	-0.662314
2925.655	-0.610957
2925.705	-0.597758
2925.755	-0.607862
2925.805	-0.626992
2925.855	-0.647254
2925.905	-0.691149
2925.955	-0.814205
2926.005	-1.038643
2926.055	-1.353051
2926.105	-1.679786
2926.155	-1.910058
2926.205	-1.907594
2926.255	-1.615393
2926.305	-1.026667
2926.355	-0.219739
2926.405	0.649992
2926.455	1.409744
2926.505	1.87398
2926.555	1.921562
2926.605	1.525564
2926.655	0.736538
2926.705	-0.277109
2926.755	-1.33021
2926.805	-2.245134
2926.855	-2.887315
2926.905	-3.185103
2926.955	-3.135142
2927.005	-2.790985
2927.055	-2.226893
2927.105	-1.529789
2927.155	-0.810789
2927.205	-0.156227
2927.255	0.364463
2927.305	0.684876
2927.355	0.727794
2927.405	0.453947
2927.455	-0.133496
2927.505	-0.972095
2927.555	-1.954575
2927.605	-2.89209
2927.655	-3.614901
2927.705	-3.965878
2927.755	-3.877156
2927.805	-3.360126
2927.855	-2.52638
2927.905	-1.532425
2927.955	-0.559831
2928.005	0.234354
2928.055	0.740687
2928.105	0.912641
2928.155	0.750161
2928.205	0.312485
2928.255	-0.326926
2928.305	-1.07884
2928.355	-1.843697
2928.405	-2.529206
2928.455	-3.037519
2928.505	-3.300852
2928.555	-3.266974
2928.605	-2.927702
2928.655	-2.328658
2928.705	-1.552963
2928.755	-0.736746
2928.805	0.005674
2928.855	0.545843
2928.905	0.79506
2928.955	0.749297
2929.005	0.432732
2929.055	-0.063939
2929.105	-0.632525
2929.155	-1.174751
2929.205	-1.604415
2929.255	-1.889579
2929.305	-2.006464
2929.355	-1.985599
2929.405	-1.827083
2929.455	-1.559946
2929.505	-1.225312
2929.555	-0.850577
2929.605	-0.508718
2929.655	-0.252319
2929.705	-0.142461
2929.755	-0.197889
2929.805	-0.388446
2929.855	-0.673584
2929.905	-0.993057
2929.955	-1.285527
2930.005	-1.507354
2930.055	-1.650829
2930.105	-1.709441
2930.155	-1.706612
2930.205	-1.661372
2930.255	-1.587786
2930.305	-1.481444
2930.355	-1.35449
2930.405	-1.209764
2930.455	-1.063324
2930.505	-0.907527
2930.555	-0.793659
2930.605	-0.722389
2930.655	-0.696878
2930.705	-0.691925
2930.755	-0.702772
2930.805	-0.726332
2930.855	-0.762948
2930.905	-0.836127
2930.955	-0.923117
2931.005	-1.025538
2931.055	-1.143016
2931.105	-1.259877
2931.155	-1.353772
2931.205	-1.4091
2931.255	-1.390341
2931.305	-1.278781
2931.355	-1.104233
2931.405	-0.883589
2931.455	-0.6596
2931.505	-0.474785
2931.555	-0.347991
2931.605	-0.277112
2931.655	-0.263434
2931.705	-0.313518
2931.755	-0.430715
2931.805	-0.592815
2931.855	-0.813972
2931.905	-1.063237
2931.955	-1.317289
2932.005	-1.539585
2932.055	-1.673105
2932.105	-1.701022
2932.155	-1.596363
2932.205	-1.371004
2932.255	-1.059872
2932.305	-0.748095
2932.355	-0.490296
2932.405	-0.310281
2932.455	-0.226597
2932.505	-0.245243
2932.555	-0.344173
2932.605	-0.52923
2932.655	-0.774724
2932.705	-1.060142
2932.755	-1.321523
2932.805	-1.530207
2932.855	-1.636973
2932.905	-1.623654
2932.955	-1.491338
2933.005	-1.263419
2933.055	-0.972589
2933.105	-0.676661
2933.155	-0.422411
2933.205	-0.263874
2933.255	-0.21653
2933.305	-0.286488
2933.355	-0.445945
2933.405	-0.674933
2933.455	-0.924211
2933.505	-1.169833
2933.555	-1.364438
2933.605	-1.492422
2933.655	-1.52191
2933.705	-1.451681
2933.755	-1.300664
2933.805	-1.078987
2933.855	-0.834655
2933.905	-0.587676
2933.955	-0.373548
2934.005	-0.239669
2934.055	-0.199315
2934.105	-0.265149
2934.155	-0.419185
2934.205	-0.646028
2934.255	-0.884112
2934.305	-1.097763
2934.355	-1.259138
2934.405	-1.344222
2934.455	-1.350366
2934.505	-1.281396
2934.555	-1.146612
2934.605	-0.966814
2934.655	-0.772489
2934.705	-0.599982
2934.755	-0.486663
2934.805	-0.433641
2934.855	-0.475825
2934.905	-0.596446
2934.955	-0.766738
2935.005	-0.947849
2935.055	-1.13324
2935.105	-1.282137
2935.155	-1.375205
2935.205	-1.404534
2935.255	-1.367665
2935.305	-1.265263
2935.355	-1.121171
2935.405	-0.954311
2935.455	-0.780508
2935.505	-0.637002
2935.555	-0.559353
2935.605	-0.567577
2935.655	-0.662637
2935.705	-0.82352
2935.755	-1.010857
2935.805	-1.172831
2935.855	-1.269547
2935.905	-1.288669
2935.955	-1.239807
2936.005	-1.136701
2936.055	-0.98405
2936.105	-0.811689
2936.155	-0.649808
2936.205	-0.517823
2936.255	-0.433705
2936.305	-0.431853
2936.355	-0.518624
2936.405	-0.665162
2936.455	-0.864603
2936.505	-1.07079
2936.555	-1.249607
2936.605	-1.370031
2936.655	-1.406828
2936.705	-1.334617
2936.755	-1.178385
2936.805	-0.966888
2936.855	-0.717334
2936.905	-0.483804
2936.955	-0.301542
2937.005	-0.190873
2937.055	-0.17607
2937.105	-0.268843
2937.155	-0.458487
2937.205	-0.71594
2937.255	-0.978056
2937.305	-1.22268
2937.355	-1.414431
2937.405	-1.513284
2937.455	-1.504537
2937.505	-1.396355
2937.555	-1.210782
2937.605	-0.964156
2937.655	-0.704596
2937.705	-0.465404
2937.755	-0.288303
2937.805	-0.206695
2937.855	-0.237757
2937.905	-0.37787
2937.955	-0.597486
2938.005	-0.865771
2938.055	-1.15536
2938.105	-1.417866
2938.155	-1.609531
2938.205	-1.69302
2938.255	-1.647752
2938.305	-1.470526
2938.355	-1.182771
2938.405	-0.832278
2938.455	-0.486909
2938.505	-0.191346
2938.555	0.016309
2938.605	0.10623
2938.655	0.071729
2938.705	-0.087805
2938.755	-0.325316
2938.805	-0.620025
2938.855	-0.922351
2938.905	-1.194312
2938.955	-1.39008
2939.005	-1.490118
2939.055	-1.477119
2939.105	-1.350054
2939.155	-1.129302
2939.205	-0.860809
2939.255	-0.597269
2939.305	-0.388557
2939.355	-0.266362
2939.405	-0.243522
2939.455	-0.302277
2939.505	-0.442359
2939.555	-0.637226
2939.605	-0.87736
2939.655	-1.114136
2939.705	-1.318919
2939.755	-1.46084
2939.805	-1.512864
2939.855	-1.461193
2939.905	-1.322599
2939.955	-1.122077
2940.005	-0.879097
2940.055	-0.623777
2940.105	-0.399003
2940.156	-0.234032
2940.206	-0.148023
2940.256	-0.139651
2940.306	-0.197873
2940.356	-0.32064
2940.406	-0.478605
2940.456	-0.665045
2940.506	-0.850564
2940.556	-1.002556
2940.606	-1.092902
2940.656	-1.113877
2940.706	-1.062522
2940.756	-0.979706
2940.806	-0.870827
2940.856	-0.749149
2940.906	-0.643374
2940.956	-0.559017
2941.006	-0.506818
2941.056	-0.4903
2941.106	-0.522232
2941.156	-0.595593
2941.206	-0.690081
2941.256	-0.795172
2941.306	-0.894511
2941.356	-0.96148
2941.406	-0.99541
2941.456	-0.989315
2941.506	-0.946896
2941.556	-0.864779
2941.606	-0.758797
2941.656	-0.65458
2941.706	-0.563144
2941.756	-0.481824
2941.806	-0.422839
2941.856	-0.390348
2941.906	-0.385844
2941.956	-0.402291
2942.006	-0.444866
2942.056	-0.501381
2942.106	-0.561169
2942.156	-0.618464
2942.206	-0.670248
2942.256	-0.720876
2942.306	-0.764635
2942.356	-0.797943
2942.406	-0.811575
2942.456	-0.816709
2942.506	-0.799341
2942.556	-0.766378
2942.606	-0.725643
2942.656	-0.678599
2942.706	-0.617885
2942.756	-0.551609
2942.806	-0.474792
2942.856	-0.404221
2942.906	-0.349906
2942.956	-0.31668
2943.006	-0.305144
2943.056	-0.32965
2943.106	-0.380652
2943.156	-0.45946
2943.206	-0.539909
2943.256	-0.618367
2943.306	-0.684977
2943.356	-0.723096
2943.406	-0.724263
2943.456	-0.680929
2943.506	-0.589273
2943.556	-0.456326
2943.606	-0.301129
2943.656	-0.15161
2943.706	-0.035733
2943.756	0.031818
2943.806	0.034194
2943.856	-0.041777
2943.906	-0.15872
2943.956	-0.315956
2944.006	-0.487846
2944.056	-0.657486
2944.106	-0.795913
2944.156	-0.894437
2944.206	-0.911656
2944.256	-0.830734
2944.306	-0.659596
2944.356	-0.438907
2944.406	-0.206605
2944.456	0.000775
2944.506	0.146212
2944.556	0.212765
2944.606	0.200864
2944.656	0.102358
2944.706	-0.084193
2944.756	-0.320397
2944.806	-0.590878
2944.856	-0.858593
2944.906	-1.077592
2944.956	-1.216064
2945.006	-1.253543
2945.056	-1.183161
2945.106	-1.01544
2945.156	-0.774271
2945.206	-0.50358
2945.256	-0.240098
2945.306	-0.022653
2945.356	0.117376
2945.406	0.157803
2945.456	0.091971
2945.506	-0.077764
2945.556	-0.334024
2945.606	-0.638005
2945.656	-0.945196
2945.706	-1.21326
2945.756	-1.396476
2945.806	-1.471967
2945.856	-1.435341
2945.906	-1.294441
2945.956	-1.069778
2946.006	-0.785672
2946.056	-0.507423
2946.106	-0.272048
2946.156	-0.120239
2946.206	-0.082483
2946.256	-0.168118
2946.306	-0.352889
2946.356	-0.598332
2946.406	-0.88942
2946.456	-1.159726
2946.506	-1.382555
2946.556	-1.506822
2946.606	-1.508258
2946.656	-1.381328
2946.706	-1.116519
2946.756	-0.75499
2946.806	-0.365969
2946.856	-0.002438
2946.906	0.302497
2946.956	0.508562
2947.006	0.581688
2947.056	0.523668
2947.106	0.339601
2947.156	0.036465
2947.206	-0.318819
2947.256	-0.678043
2947.306	-0.98614
2947.356	-1.188223
2947.406	-1.26069
2947.456	-1.204155
2947.506	-1.030789
2947.556	-0.763831
2947.606	-0.445755
2947.656	-0.111311
2947.706	0.176659
2947.756	0.393528
2947.806	0.481095
2947.856	0.426562
2947.906	0.237601
2947.956	-0.045089
2948.006	-0.382064
2948.056	-0.722317
2948.106	-1.007127
2948.156	-1.204687
2948.206	-1.288925
2948.256	-1.263529
2948.306	-1.11387
2948.356	-0.862306
2948.406	-0.529959
2948.456	-0.184152
2948.506	0.119639
2948.556	0.323968
2948.606	0.400757
2948.656	0.347788
2948.706	0.186521
2948.756	-0.038412
2948.806	-0.32662
2948.856	-0.627932
2948.906	-0.913622
2948.956	-1.131038
2949.006	-1.258008
2949.056	-1.251563
2949.106	-1.112146
2949.156	-0.874462
2949.206	-0.598276
2949.256	-0.328315
2949.306	-0.090983
2949.356	0.08574
2949.406	0.189492
2949.456	0.208178
2949.506	0.130709
2949.556	-0.038821
2949.606	-0.275479
2949.656	-0.549214
2949.706	-0.810059
2949.756	-1.01868
2949.806	-1.142777
2949.856	-1.16841
2949.906	-1.092194
2949.956	-0.943864
2950.006	-0.749798
2950.056	-0.527246
2950.106	-0.301125
2950.156	-0.102237
2950.206	0.033063
2950.256	0.082975
2950.306	0.040351
2950.356	-0.104633
2950.406	-0.318146
2950.456	-0.545355
2950.506	-0.779113
2950.556	-0.972424
2950.606	-1.103478
2950.656	-1.161916
2950.706	-1.144214
2950.756	-1.045173
2950.806	-0.874688
2950.856	-0.657393
2950.906	-0.429714
2950.956	-0.222843
2951.006	-0.075076
2951.056	0.005852
2951.106	0.007475
2951.156	-0.067259
2951.206	-0.196681
2951.256	-0.369355
2951.306	-0.541552
2951.356	-0.701963
2951.406	-0.814107
2951.456	-0.869286
2951.506	-0.873332
2951.556	-0.824795
2951.606	-0.730822
2951.656	-0.60462
2951.706	-0.462861
2951.756	-0.336243
2951.806	-0.236271
2951.856	-0.191318
2951.906	-0.202966
2951.956	-0.27331
2952.006	-0.383163
2952.056	-0.51232
2952.106	-0.659187
2952.156	-0.79671
2952.206	-0.917652
2952.256	-0.994515
2952.306	-1.008084
2952.356	-0.978872
2952.406	-0.895974
2952.456	-0.785109
2952.506	-0.659779
2952.556	-0.536839
2952.606	-0.429659
2952.656	-0.354821
2952.706	-0.302229
2952.756	-0.283076
2952.806	-0.309782
2952.856	-0.372105
2952.906	-0.457842
2952.956	-0.552018
2953.006	-0.646841
2953.056	-0.710252
2953.106	-0.746104
2953.156	-0.750578
2953.206	-0.73908
2953.256	-0.693935
2953.306	-0.623577
2953.356	-0.524893
2953.406	-0.42253
2953.456	-0.3205
2953.506	-0.231824
2953.556	-0.182188
2953.606	-0.154075
2953.656	-0.145703
2953.706	-0.153916
2953.756	-0.178477
2953.806	-0.210008
2953.856	-0.255667
2953.906	-0.290068
2953.956	-0.304277
2954.006	-0.293135
2954.056	-0.254909
2954.106	-0.195291
2954.156	-0.12658
2954.206	-0.063
2954.256	-0.000461
2954.306	0.045069
2954.356	0.078501
2954.406	0.080031
2954.456	0.049739
2954.506	-0.014585
2954.556	-0.104981
2954.606	-0.216407
2954.656	-0.336697
2954.706	-0.451351
2954.756	-0.545742
2954.806	-0.611901
2954.856	-0.650413
2954.906	-0.647555
2954.956	-0.604973
2955.006	-0.512658
2955.056	-0.389189
2955.106	-0.253088
2955.156	-0.121766
2955.206	-0.010404
2955.256	0.071467
2955.306	0.120753
2955.356	0.133338
2955.406	0.110767
2955.456	0.066959
2955.506	-0.003049
2955.556	-0.074464
2955.606	-0.141692
2955.656	-0.181726
2955.706	-0.195381
2955.756	-0.179306
2955.806	-0.13855
2955.856	-0.074448
2955.906	0.003259
2955.956	0.063453
2956.006	0.101119
2956.056	0.103244
2956.106	0.053072
2956.156	-0.039329
2956.206	-0.159933
2956.256	-0.307638
2956.306	-0.466983
2956.356	-0.632335
2956.406	-0.781429
2956.456	-0.891442
2956.507	-0.942088
2956.557	-0.937988
2956.607	-0.874133
2956.657	-0.763874
2956.707	-0.62699
2956.757	-0.486013
2956.807	-0.34379
2956.857	-0.214928
2956.907	-0.108609
2956.957	-0.040059
2957.007	-0.013841
2957.057	-0.050271
2957.107	-0.130036
2957.157	-0.219956
2957.207	-0.317685
2957.257	-0.394095
2957.307	-0.446093
2957.357	-0.457919
2957.407	-0.437176
2957.457	-0.385352
2957.507	-0.301535
2957.557	-0.183895
2957.607	-0.072168
2957.657	0.033784
2957.707	0.095982
2957.757	0.101701
2957.807	0.041646
2957.857	-0.077967
2957.907	-0.230906
2957.957	-0.395769
2958.007	-0.555108
2958.057	-0.686474
2958.107	-0.776005
2958.157	-0.816774
2958.207	-0.807602
2958.257	-0.738116
2958.307	-0.62024
2958.357	-0.483212
2958.407	-0.346611
2958.457	-0.221359
2958.507	-0.143577
2958.557	-0.110938
2958.607	-0.119556
2958.657	-0.17789
2958.707	-0.255603
2958.757	-0.342865
2958.807	-0.424754
2958.857	-0.494413
2958.907	-0.526656
2958.957	-0.52664
2959.007	-0.477456
2959.057	-0.38094
2959.107	-0.255415
2959.157	-0.111313
2959.207	0.022275
2959.257	0.137388
2959.307	0.210571
2959.357	0.226953
2959.407	0.199541
2959.457	0.14443
2959.507	0.042923
2959.557	-0.08343
2959.607	-0.214076
2959.657	-0.33728
2959.707	-0.42918
2959.757	-0.462031
2959.807	-0.438932
2959.857	-0.359788
2959.907	-0.248023
2959.957	-0.124691
2960.007	0.000907
2960.057	0.109109
2960.107	0.187318
2960.157	0.230612
2960.207	0.226739
2960.257	0.167404
2960.307	0.070816
2960.357	-0.052827
2960.407	-0.166168
2960.457	-0.259454
2960.507	-0.314137
2960.557	-0.325888
2960.607	-0.29163
2960.657	-0.224727
2960.707	-0.133091
2960.757	-0.026396
2960.807	0.080909
2960.857	0.170662
2960.907	0.231467
2960.957	0.25098
2961.007	0.232278
2961.057	0.177874
2961.107	0.109659
2961.157	0.023432
2961.207	-0.056181
2961.257	-0.114234
2961.307	-0.146654
2961.357	-0.146267
2961.407	-0.128733
2961.457	-0.096892
2961.507	-0.060632
2961.557	-0.025826
2961.607	-0.010616
2961.657	-0.011554
2961.707	-0.050746
2961.757	-0.126135
2961.807	-0.246534
2961.857	-0.389478
2961.907	-0.540687
2961.957	-0.673792
2962.007	-0.782455
2962.057	-0.860222
2962.107	-0.891113
2962.157	-0.869478
2962.207	-0.810081
2962.257	-0.705083
2962.307	-0.567496
2962.357	-0.415497
2962.407	-0.266066
2962.457	-0.144644
2962.507	-0.060466
2962.557	-0.016372
2962.607	-0.029195
2962.657	-0.070136
2962.707	-0.142195
2962.757	-0.212446
2962.807	-0.280861
2962.857	-0.32672
2962.907	-0.31925
2962.957	-0.273882
2963.007	-0.165808
2963.057	-0.016446
2963.107	0.174132
2963.157	0.383764
2963.207	0.590032
2963.257	0.788307
2963.307	0.962967
2963.357	1.117667
2963.407	1.23391
2963.457	1.324842
2963.507	1.38325
2963.557	1.389008
2963.607	1.344255
2963.657	1.244215
2963.707	1.085405
2963.757	0.857233
2963.807	0.56797
2963.857	0.230812
2963.907	-0.157158
2963.957	-0.583177
2964.007	-1.037857
2964.057	-1.531549
2964.107	-2.034526
2964.157	-2.528471
2964.207	-3.001897
2964.257	-3.428102
2964.307	-3.769552
2964.357	-4.00091
2964.407	-4.106462
2964.457	-4.051385
2964.507	-3.842075
2964.557	-3.472122
2964.607	-2.973515
2964.657	-2.378139
2964.707	-1.71728
2964.757	-1.017559
2964.807	-0.316763
2964.857	0.345609
2964.907	0.956004
2964.957	1.475395
2965.007	1.871253
2965.057	2.145304
2965.107	2.29539
2965.157	2.321794
2965.207	2.22289
2965.257	2.03744
2965.307	1.761667
2965.357	1.42194
2965.407	1.044585
2965.457	0.645631
2965.507	0.257879
2965.557	-0.116811
2965.607	-0.465328
2965.657	-0.765247
2965.707	-1.010083
2965.757	-1.192959
2965.807	-1.30373
2965.857	-1.338444
2965.907	-1.311068
2965.957	-1.221833
2966.007	-1.079508
2966.057	-0.896164
2966.107	-0.689421
2966.157	-0.476065
2966.207	-0.275266
2966.257	-0.102278
2966.307	0.023176
2966.357	0.101343
2966.407	0.127808
2966.457	0.110558
2966.507	0.05559
2966.557	-0.040278
2966.607	-0.164302
2966.657	-0.290769
2966.707	-0.402753
2966.757	-0.486626
2966.807	-0.525873
2966.857	-0.529992
2966.907	-0.483137
2966.957	-0.392181
2967.007	-0.274815
2967.057	-0.130758
2967.107	0.008202
2967.157	0.130721
2967.207	0.214066
2967.257	0.231536
2967.307	0.18982
2967.357	0.087862
2967.407	-0.073205
2967.457	-0.286089
2967.507	-0.520757
2967.557	-0.748004
2967.607	-0.954282
2967.657	-1.114252
2967.707	-1.198529
2967.757	-1.213764
2967.807	-1.151969
2967.857	-1.035512
2967.907	-0.86213
2967.957	-0.666416
2968.007	-0.473338
2968.057	-0.310028
2968.107	-0.193768
2968.157	-0.16007
2968.207	-0.18882
2968.257	-0.28906
2968.307	-0.444167
2968.357	-0.610348
2968.407	-0.766875
2968.457	-0.898999
2968.507	-0.990543
2968.557	-1.013633
2968.607	-0.97002
2968.657	-0.880794
2968.707	-0.762906
2968.757	-0.634087
2968.807	-0.528029
2968.857	-0.443055
2968.907	-0.383003
2968.957	-0.345898
2969.007	-0.318912
2969.057	-0.296678
2969.107	-0.266068
2969.157	-0.226273
2969.207	-0.175766
2969.257	-0.134422
2969.307	-0.135178
2969.357	-0.178587
2969.407	-0.274079
2969.457	-0.43082
2969.507	-0.61625
2969.557	-0.814592
2969.607	-0.987231
2969.657	-1.110316
2969.707	-1.155229
2969.757	-1.112722
2969.807	-0.983246
2969.857	-0.808034
2969.907	-0.632359
2969.957	-0.495052
2970.007	-0.436784
2970.057	-0.467503
2970.107	-0.594649
2970.157	-0.778074
2970.207	-0.987112
2970.257	-1.170623
2970.307	-1.296943
2970.357	-1.334232
2970.407	-1.288832
2970.457	-1.171414
2970.507	-1.0027
2970.557	-0.838041
2970.607	-0.708531
2970.657	-0.633556
2970.707	-0.644805
2970.757	-0.715221
2970.807	-0.819483
2970.857	-0.926809
2970.907	-1.005443
2970.957	-1.049778
2971.007	-1.052455
2971.057	-1.025823
2971.107	-0.985803
2971.157	-0.939641
2971.207	-0.906868
2971.257	-0.889918
2971.307	-0.90373
2971.357	-0.924908
2971.407	-0.958805
2971.457	-1.004055
2971.507	-1.040558
2971.557	-1.079033
2971.607	-1.116192
2971.657	-1.15359
2971.707	-1.182391
2971.757	-1.191727
2971.807	-1.175127
2971.857	-1.123562
2971.907	-1.034991
2971.957	-0.917259
2972.007	-0.787773
2972.057	-0.675119
2972.107	-0.604436
2972.157	-0.60305
2972.207	-0.683201
2972.257	-0.839721
2972.307	-1.032391
2972.357	-1.223023
2972.407	-1.380963
2972.457	-1.488717
2972.507	-1.530158
2972.557	-1.522373
2972.607	-1.467217
2972.657	-1.383023
2972.707	-1.296937
2972.757	-1.221161
2972.807	-1.181643
2972.857	-1.168021
2972.908	-1.166354
2972.958	-1.160298
2973.008	-1.155404
2973.058	-1.143306
2973.108	-1.13621
2973.158	-1.125377
2973.208	-1.127794
2973.258	-1.138336
2973.308	-1.164102
2973.358	-1.169706
2973.408	-1.154449
2973.458	-1.112707
2973.508	-1.052018
2973.558	-0.979903
2973.608	-0.918304
2973.658	-0.878989
2973.708	-0.864466
2973.758	-0.89004
2973.808	-0.943659
2973.858	-0.999508
2973.908	-1.052512
2973.958	-1.093541
2974.008	-1.128989
2974.058	-1.173504
2974.108	-1.230233
2974.158	-1.307815
2974.208	-1.393561
2974.258	-1.487518
2974.308	-1.577133
2974.358	-1.651494
2974.408	-1.699358
2974.458	-1.705929
2974.508	-1.693241
2974.558	-1.656978
2974.608	-1.629155
2974.658	-1.629597
2974.708	-1.667774
2974.758	-1.74304
2974.808	-1.83871
2974.858	-1.940743
2974.908	-2.031255
2974.958	-2.088709
2975.008	-2.113848
2975.058	-2.093601
2975.108	-2.036785
2975.158	-1.92316
2975.208	-1.755342
2975.258	-1.533642
2975.308	-1.256099
2975.358	-0.943983
2975.408	-0.640575
2975.458	-0.36178
2975.508	-0.138834
2975.558	-0.008347
2975.608	0.017141
2975.658	-0.067353
2975.708	-0.249099
2975.758	-0.495735
2975.808	-0.781704
2975.858	-1.072078
2975.908	-1.339585
2975.958	-1.570465
2976.008	-1.729869
2976.058	-1.82546
2976.108	-1.858312
2976.158	-1.818322
2976.208	-1.741886
2976.258	-1.633058
2976.308	-1.513429
2976.358	-1.415971
2976.408	-1.356044
2976.458	-1.354414
2976.508	-1.433361
2976.558	-1.57586
2976.608	-1.748038
2976.658	-1.928072
2976.708	-2.071491
2976.758	-2.13427
2976.808	-2.106045
2976.858	-1.983799
2976.908	-1.782873
2976.958	-1.534319
2977.008	-1.263143
2977.058	-1.011126
2977.108	-0.780387
2977.158	-0.606159
2977.208	-0.497032
2977.258	-0.467784
2977.308	-0.496442
2977.358	-0.585946
2977.408	-0.704379
2977.458	-0.851123
2977.508	-0.980302
2977.558	-1.083149
2977.608	-1.153856
2977.658	-1.165844
2977.708	-1.120643
2977.758	-1.037816
2977.808	-0.93138
2977.858	-0.823244
2977.908	-0.738204
2977.958	-0.706409
2978.008	-0.731575
2978.058	-0.812206
2978.108	-0.94908
2978.158	-1.124992
2978.208	-1.321791
2978.258	-1.510939
2978.308	-1.670409
2978.358	-1.782019
2978.408	-1.821146
2978.458	-1.78552
2978.508	-1.686697
2978.558	-1.531803
2978.608	-1.336421
2978.658	-1.144989
2978.708	-0.986752
2978.758	-0.873386
2978.808	-0.818716
2978.858	-0.819139
2978.908	-0.854816
2978.958	-0.924768
2979.008	-1.00648
2979.058	-1.082378
2979.108	-1.145497
2979.158	-1.194336
2979.208	-1.216114
2979.258	-1.197221
2979.308	-1.131765
2979.358	-1.037751
2979.408	-0.933452
2979.458	-0.815019
2979.508	-0.708198
2979.558	-0.635406
2979.608	-0.607712
2979.658	-0.63784
2979.708	-0.707906
2979.758	-0.814177
2979.808	-0.940892
2979.858	-1.066956
2979.908	-1.179149
2979.958	-1.274411
2980.008	-1.334779
2980.058	-1.358803
2980.108	-1.35378
2980.158	-1.312314
2980.208	-1.251425
2980.258	-1.181911
2980.308	-1.111439
2980.358	-1.046188
2980.408	-0.997937
2980.458	-0.957298
2980.508	-0.938904
2980.558	-0.937842
2980.608	-0.949588
2980.658	-0.967546
2980.708	-0.97984
2980.758	-0.983514
2980.808	-0.969058
2980.858	-0.956823
2980.908	-0.948882
2980.958	-0.935593
2981.008	-0.917074
2981.058	-0.892058
2981.108	-0.872597
2981.158	-0.854507
2981.208	-0.842942
2981.258	-0.835906
2981.308	-0.841881
2981.358	-0.8675
2981.408	-0.917334
2981.458	-0.960206
2981.508	-1.006699
2981.558	-1.055695
2981.608	-1.097832
2981.658	-1.125062
2981.708	-1.142694
2981.758	-1.144524
2981.808	-1.145589
2981.858	-1.137382
2981.908	-1.111945
2981.958	-1.080622
2982.008	-1.037053
2982.058	-0.990575
2982.108	-0.956631
2982.158	-0.962384
2982.208	-0.982377
2982.258	-1.020856
2982.308	-1.069102
2982.358	-1.118049
2982.408	-1.15623
2982.458	-1.177353
2982.508	-1.160495
2982.558	-1.123328
2982.608	-1.060829
2982.658	-0.983782
2982.708	-0.896245
2982.758	-0.814506
2982.808	-0.758782
2982.858	-0.716244
2982.908	-0.689691
2982.958	-0.696373
2983.008	-0.733799
2983.058	-0.807758
2983.108	-0.896195
2983.158	-0.998464
2983.208	-1.097265
2983.258	-1.184711
2983.308	-1.252338
2983.358	-1.283079
2983.408	-1.275172
2983.458	-1.23647
2983.508	-1.172843
2983.558	-1.09
2983.608	-1.007249
2983.658	-0.933951
2983.708	-0.882632
2983.758	-0.861007
2983.808	-0.862711
2983.858	-0.888286
2983.908	-0.928582
2983.958	-0.967431
2984.008	-0.999652
2984.058	-1.00263
2984.108	-0.991259
2984.158	-0.948361
2984.208	-0.888881
2984.258	-0.818857
2984.308	-0.748139
2984.358	-0.683176
2984.408	-0.6436
2984.458	-0.628373
2984.508	-0.651962
2984.558	-0.709551
2984.608	-0.806888
2984.658	-0.946808
2984.708	-1.105976
2984.758	-1.278178
2984.808	-1.44081
2984.858	-1.577041
2984.908	-1.677096
2984.958	-1.707201
2985.008	-1.69332
2985.058	-1.624116
2985.108	-1.517312
2985.158	-1.402024
2985.208	-1.300302
2985.258	-1.207831
2985.308	-1.145249
2985.358	-1.115399
2985.408	-1.124799
2985.458	-1.152567
2985.508	-1.19899
2985.558	-1.239137
2985.608	-1.265724
2985.658	-1.273282
2985.708	-1.232903
2985.758	-1.158946
2985.808	-1.057224
2985.858	-0.919041
2985.908	-0.765937
2985.958	-0.605139
2986.008	-0.458448
2986.058	-0.334244
2986.108	-0.251076
2986.158	-0.205605
2986.208	-0.209947
2986.258	-0.257087
2986.308	-0.335039
2986.358	-0.439283
2986.408	-0.562519
2986.458	-0.694897
2986.508	-0.810521
2986.558	-0.910916
2986.608	-0.980842
2986.658	-1.003418
2986.708	-0.99191
2986.758	-0.947036
2986.808	-0.88566
2986.858	-0.823924
2986.908	-0.782356
2986.958	-0.762437
2987.008	-0.786296
2987.058	-0.854054
2987.108	-0.9522
2987.158	-1.093783
2987.208	-1.25084
2987.258	-1.403515
2987.308	-1.54103
2987.358	-1.646562
2987.408	-1.7118
2987.458	-1.71813
2987.508	-1.667876
2987.558	-1.584072
2987.608	-1.461418
2987.658	-1.33088
2987.708	-1.211057
2987.758	-1.10918
2987.808	-1.036048
2987.858	-0.992641
2987.908	-0.975836
2987.958	-0.977547
2988.008	-0.994636
2988.058	-1.014269
2988.108	-1.009131
2988.158	-0.964302
2988.208	-0.883534
2988.258	-0.760094
2988.308	-0.597949
2988.358	-0.424585
2988.408	-0.256356
2988.458	-0.10694
2988.508	-0.000924
2988.558	0.050211
2988.608	0.051947
2988.658	-0.010838
2988.708	-0.13247
2988.758	-0.287015
2988.808	-0.473986
2988.858	-0.663218
2988.908	-0.844973
2988.958	-0.99811
2989.008	-1.103403
2989.058	-1.157688
2989.108	-1.155168
2989.158	-1.10505
2989.208	-1.022548
2989.258	-0.939436
2989.309	-0.862558
2989.359	-0.80712
2989.409	-0.78563
2989.459	-0.803011
2989.509	-0.860602
2989.559	-0.947502
2989.609	-1.048552
2989.659	-1.143943
2989.709	-1.22213
2989.759	-1.266951
2989.809	-1.271728
2989.859	-1.218553
2989.909	-1.116263
2989.959	-0.962964
2990.009	-0.773585
2990.059	-0.540163
2990.109	-0.287413
2990.159	-0.036095
2990.209	0.20628
2990.259	0.412746
2990.309	0.576456
2990.359	0.68418
2990.409	0.730516
2990.459	0.708659
2990.509	0.637386
2990.559	0.515334
2990.609	0.355079
2990.659	0.172433
2990.709	-0.013848
2990.759	-0.19887
2990.809	-0.368913
2990.859	-0.524402
2990.909	-0.666748
2990.959	-0.803547
2991.009	-0.955696
2991.059	-1.117387
2991.109	-1.300563
2991.159	-1.497904
2991.209	-1.701176
2991.259	-1.9004
2991.309	-2.06842
2991.359	-2.199552
2991.409	-2.261322
2991.459	-2.237625
2991.509	-2.122308
2991.559	-1.903669
2991.609	-1.592928
2991.659	-1.199705
2991.709	-0.747803
2991.759	-0.258394
2991.809	0.253581
2991.859	0.753667
2991.909	1.208658
2991.959	1.582888
2992.009	1.859277
2992.059	2.003237
2992.109	2.018468
2992.159	1.902322
2992.209	1.680661
2992.259	1.3742
2992.309	1.014318
2992.359	0.636006
2992.409	0.274828
2992.459	-0.054909
2992.509	-0.33774
2992.559	-0.550137
2992.609	-0.699264
2992.659	-0.787517
2992.709	-0.829172
2992.759	-0.834124
2992.809	-0.810721
2992.859	-0.764383
2992.909	-0.718215
2992.959	-0.664035
2993.009	-0.599633
2993.059	-0.530982
2993.109	-0.450357
2993.159	-0.34932
2993.209	-0.236481
2993.259	-0.117499
2993.309	0.017432
2993.359	0.144639
2993.409	0.262328
2993.459	0.362442
2993.509	0.433859
2993.559	0.460764
2993.609	0.448395
2993.659	0.395057
2993.709	0.302538
2993.759	0.180605
2993.809	0.028277
2993.859	-0.118963
2993.909	-0.242112
2993.959	-0.328529
2994.009	-0.368744
2994.059	-0.356576
2994.109	-0.303497
2994.159	-0.205473
2994.209	-0.072767
2994.259	0.070734
2994.309	0.201521
2994.359	0.302093
2994.409	0.358945
2994.459	0.386898
2994.509	0.369638
2994.559	0.318523
2994.609	0.24702
2994.659	0.15697
2994.709	0.077552
2994.759	0.016299
2994.809	-0.007622
2994.859	0.012303
2994.909	0.076864
2994.959	0.177804
2995.009	0.302584
2995.059	0.432061
2995.109	0.550432
2995.159	0.640003
2995.209	0.68859
2995.259	0.683769
2995.309	0.633692
2995.359	0.54226
2995.409	0.411112
2995.459	0.280024
2995.509	0.164897
2995.559	0.06663
2995.609	0.017424
2995.659	0.012126
2995.709	0.056936
2995.759	0.140965
2995.809	0.249188
2995.859	0.368655
2995.909	0.484431
2995.959	0.574516
2996.009	0.629008
2996.059	0.647212
2996.109	0.635053
2996.159	0.587511
2996.209	0.516753
2996.259	0.437819
2996.309	0.38044
2996.359	0.340835
2996.409	0.331248
2996.459	0.368373
2996.509	0.429522
2996.559	0.524911
2996.609	0.632764
2996.659	0.745575
2996.709	0.847007
2996.759	0.925776
2996.809	0.967634
2996.859	0.959715
2996.909	0.915097
2996.959	0.831003
2997.009	0.727068
2997.059	0.616461
2997.109	0.509603
2997.159	0.432325
2997.209	0.393543
2997.259	0.384516
2997.309	0.401029
2997.359	0.459686
2997.409	0.539231
2997.459	0.638283
2997.509	0.735678
2997.559	0.818277
2997.609	0.869863
2997.659	0.900123
2997.709	0.890341
2997.759	0.837555
2997.809	0.768847
2997.859	0.691265
2997.909	0.610406
2997.959	0.547915
2998.009	0.515814
2998.059	0.515396
2998.109	0.539781
2998.159	0.601573
2998.209	0.687355
2998.259	0.792221
2998.309	0.891918
2998.359	0.974273
2998.409	1.033734
2998.459	1.054827
2998.509	1.034485
2998.559	0.985025
2998.609	0.913183
2998.659	0.822224
2998.709	0.725733
2998.759	0.644478
2998.809	0.578234
2998.859	0.539296
2998.909	0.533194
2998.959	0.552261
2999.009	0.595507
2999.059	0.649645
2999.109	0.696096
2999.159	0.739968
2999.209	0.758015
2999.259	0.754818
2999.309	0.733587
2999.359	0.694631
2999.409	0.645448
2999.459	0.595549
2999.509	0.550227
2999.559	0.525808
2999.609	0.523736
2999.659	0.55124
2999.709	0.60135
2999.759	0.682599
2999.809	0.780804
2999.859	0.873495
2999.909	0.964018
2999.959	1.036512
3000.009	1.079442
3000.059	1.092863
3000.109	1.06824
3000.159	1.019259
3000.209	0.945995
3000.259	0.865227
3000.309	0.782993
3000.359	0.706923
3000.409	0.65892
3000.459	0.640573
3000.509	0.642675
3000.559	0.665893
3000.609	0.70656
3000.659	0.75008
3000.709	0.806508
3000.759	0.857052
3000.809	0.882989
3000.859	0.886335
3000.909	0.870747
3000.959	0.821846
3001.009	0.757278
3001.059	0.690317
3001.109	0.616532
3001.159	0.556009
3001.209	0.50951
3001.259	0.484755
3001.309	0.48662
3001.359	0.511657
3001.409	0.554739
3001.459	0.613343
3001.509	0.686094
3001.559	0.761086
3001.609	0.83601
3001.659	0.898926
3001.709	0.935038
3001.759	0.944767
3001.809	0.940127
3001.859	0.919116
3001.909	0.883543
3001.959	0.839414
3002.009	0.800028
3002.059	0.757055
3002.109	0.715592
3002.159	0.68649
3002.209	0.668012
3002.259	0.665552
3002.309	0.675572
3002.359	0.69126
3002.409	0.708192
3002.459	0.720072
3002.509	0.731188
3002.559	0.734995
3002.609	0.733361
3002.659	0.732318
3002.709	0.737087
3002.759	0.746642
3002.809	0.756403
3002.859	0.767956
3002.909	0.788748
3002.959	0.822134
3003.009	0.868733
3003.059	0.919529
3003.109	0.975016
3003.159	1.030697
3003.209	1.076004
3003.259	1.107557
3003.309	1.130342
3003.359	1.128557
3003.409	1.108739
3003.459	1.074879
3003.509	1.02715
3003.559	0.975856
3003.609	0.913328
3003.659	0.853509
3003.709	0.817326
3003.759	0.798896
3003.809	0.796759
3003.859	0.815224
3003.909	0.851529
3003.959	0.901464
3004.009	0.95028
3004.059	1.006319
3004.109	1.064343
3004.159	1.112223
3004.209	1.150685
3004.259	1.170232
3004.309	1.181771
3004.359	1.178209
3004.409	1.167755
3004.459	1.157722
3004.509	1.154718
3004.559	1.164387
3004.609	1.178866
3004.659	1.192001
3004.709	1.211656
3004.759	1.238744
3004.809	1.250899
3004.859	1.239986
3004.909	1.224808
3004.959	1.188333
3005.009	1.113524
3005.059	1.027017
3005.109	0.924687
3005.159	0.826503
3005.209	0.742331
3005.259	0.675133
3005.309	0.633054
3005.359	0.616831
3005.409	0.631482
3005.459	0.669748
3005.509	0.715697
3005.559	0.783576
3005.609	0.835812
3005.66	0.876714
3005.71	0.894716
3005.76	0.872855
3005.81	0.836958
3005.86	0.780875
3005.91	0.726203
3005.96	0.676291
3006.01	0.627554
3006.06	0.603928
3006.11	0.604818
3006.16	0.638865
3006.21	0.696877
3006.26	0.769832
3006.31	0.861106
3006.36	0.964146
3006.41	1.046165
3006.46	1.119944
3006.51	1.190582
3006.56	1.234998
3006.61	1.253293
3006.66	1.246781
3006.71	1.225491
3006.76	1.19204
3006.81	1.133543
3006.86	1.060581
3006.91	0.967796
3006.96	0.852952
3007.01	0.730612
3007.06	0.596434
3007.11	0.454702
3007.16	0.318152
3007.21	0.189882
3007.26	0.071432
3007.31	-0.037665
3007.36	-0.139346
3007.41	-0.222449
3007.46	-0.294672
3007.51	-0.354793
3007.56	-0.412829
3007.61	-0.462051
3007.66	-0.502703
3007.71	-0.5081
3007.76	-0.47864
3007.81	-0.415495
3007.86	-0.310505
3007.91	-0.168416
3007.96	0.010896
3008.01	0.225663
3008.06	0.452528
3008.11	0.692015
3008.16	0.929326
3008.21	1.142695
3008.26	1.317148
3008.31	1.455597
3008.36	1.5457
3008.41	1.582688
3008.46	1.559538
3008.51	1.479636
3008.56	1.368904
3008.61	1.227687
3008.66	1.070859
3008.71	0.907326
3008.76	0.757084
3008.81	0.627906
3008.86	0.52372
3008.91	0.444066
3008.96	0.383964
3009.01	0.341646
3009.06	0.299777
3009.11	0.267595
3009.16	0.244225
3009.21	0.225677
3009.26	0.215288
3009.31	0.216624
3009.36	0.239057
3009.41	0.278651
3009.46	0.342738
3009.51	0.421779
3009.56	0.515261
3009.61	0.607617
3009.66	0.688467
3009.71	0.747036
3009.76	0.78429
3009.81	0.787919
3009.86	0.755552
3009.91	0.689174
3009.96	0.58737
3010.01	0.460384
3010.06	0.328002
3010.11	0.194251
3010.16	0.061208
3010.21	-0.049714
3010.26	-0.136397
3010.31	-0.196768
3010.36	-0.231393
3010.41	-0.239888
3010.46	-0.229357
3010.51	-0.189584
3010.56	-0.154021
3010.61	-0.118736
3010.66	-0.097443
3010.71	-0.096006
3010.76	-0.109735
3010.81	-0.149122
3010.86	-0.207194
3010.91	-0.271144
3010.96	-0.336474
3011.01	-0.392213
3011.06	-0.410309
3011.11	-0.387506
3011.16	-0.323978
3011.21	-0.216107
3011.26	-0.070988
3011.31	0.090199
3011.36	0.257349
3011.41	0.412115
3011.46	0.524381
3011.51	0.599372
3011.56	0.645235
3011.61	0.636716
3011.66	0.585536
3011.71	0.501592
3011.76	0.393304
3011.81	0.268739
3011.86	0.146801
3011.91	0.03373
3011.96	-0.068705
3012.01	-0.158257
3012.06	-0.23796
3012.11	-0.306113
3012.16	-0.357682
3012.21	-0.396661
3012.26	-0.415983
3012.31	-0.419376
3012.36	-0.402011
3012.41	-0.377368
3012.46	-0.344787
3012.51	-0.304747
3012.56	-0.269219
3012.61	-0.231821
3012.66	-0.194858
3012.71	-0.161668
3012.76	-0.133339
3012.81	-0.102839
3012.86	-0.072044
3012.91	-0.046805
3012.96	-0.034774
3013.01	-0.029324
3013.06	-0.020763
3013.11	-0.033882
3013.16	-0.046942
3013.21	-0.062472
3013.26	-0.081829
3013.31	-0.088516
3013.36	-0.095396
3013.41	-0.089561
3013.46	-0.084975
3013.51	-0.076527
3013.56	-0.072116
3013.61	-0.084595
3013.66	-0.106126
3013.71	-0.136702
3013.76	-0.182032
3013.81	-0.226102
3013.86	-0.275842
3013.91	-0.315698
3013.96	-0.354462
3014.01	-0.396769
3014.06	-0.434508
3014.11	-0.465915
3014.16	-0.497267
3014.21	-0.527015
3014.26	-0.561733
3014.31	-0.600976
3014.36	-0.632125
3014.41	-0.658093
3014.46	-0.666154
3014.51	-0.646198
3014.56	-0.611057
3014.61	-0.556781
3014.66	-0.491124
3014.71	-0.413669
3014.76	-0.33362
3014.81	-0.286779
3014.86	-0.270025
3014.91	-0.276479
3014.96	-0.316281
3015.01	-0.384677
3015.06	-0.462787
3015.11	-0.528331
3015.16	-0.5772
3015.21	-0.591245
3015.26	-0.576465
3015.31	-0.536707
3015.36	-0.470237
3015.41	-0.380662
3015.46	-0.293037
3015.51	-0.226973
3015.56	-0.187518
3015.61	-0.170493
3015.66	-0.185149
3015.71	-0.210796
3015.76	-0.242176
3015.81	-0.270553
3015.86	-0.289361
3015.91	-0.296387
3015.96	-0.302942
3016.01	-0.30444
3016.06	-0.30456
3016.11	-0.308058
3016.16	-0.313913
3016.21	-0.325588
3016.26	-0.342234
3016.31	-0.370836
3016.36	-0.392658
3016.41	-0.41463
3016.46	-0.449901
3016.51	-0.491465
3016.56	-0.52999
3016.61	-0.5781
3016.66	-0.637613
3016.71	-0.713841
3016.76	-0.788912
3016.81	-0.85363
3016.86	-0.912324
3016.91	-0.94509
3016.96	-0.961041
3017.01	-0.963693
3017.06	-0.958658
3017.11	-0.935158
3017.16	-0.904486
3017.21	-0.868421
3017.26	-0.824214
3017.31	-0.780328
3017.36	-0.727584
3017.41	-0.666827
3017.46	-0.607427
3017.51	-0.548313
3017.56	-0.486449
3017.61	-0.436996
3017.66	-0.40438
3017.71	-0.380432
3017.76	-0.360175
3017.81	-0.337959
3017.86	-0.325055
3017.91	-0.302504
3017.96	-0.268351
3018.01	-0.245619
3018.06	-0.222472
3018.11	-0.220703
3018.16	-0.246412
3018.21	-0.301516
3018.26	-0.379411
3018.31	-0.479953
3018.36	-0.599673
3018.41	-0.72199
3018.46	-0.833033
3018.51	-0.923511
3018.56	-0.978557
3018.61	-1.0019
3018.66	-0.990912
3018.71	-0.953443
3018.76	-0.891943
3018.81	-0.820842
3018.86	-0.739778
3018.91	-0.659702
3018.96	-0.595314
3019.01	-0.541356
3019.06	-0.508526
3019.11	-0.48483
3019.16	-0.471715
3019.21	-0.464204
3019.26	-0.45573
3019.31	-0.445297
3019.36	-0.423972
3019.41	-0.409148
3019.46	-0.395382
3019.51	-0.373816
3019.56	-0.36652
3019.61	-0.384206
3019.66	-0.414613
3019.71	-0.46111
3019.76	-0.536608
3019.81	-0.634455
3019.86	-0.734871
3019.91	-0.826085
3019.96	-0.908244
3020.01	-0.963708
3020.06	-0.980055
3020.11	-0.964981
3020.16	-0.91543
3020.21	-0.844906
3020.26	-0.759621
3020.31	-0.688764
3020.36	-0.623848
3020.41	-0.575829
3020.46	-0.546838
3020.51	-0.546592
3020.56	-0.565807
3020.61	-0.606629
3020.66	-0.65869
3020.71	-0.716716
3020.76	-0.780785
3020.81	-0.843107
3020.86	-0.886049
3020.91	-0.912632
3020.96	-0.925605
3021.01	-0.911032
3021.06	-0.881469
3021.11	-0.846875
3021.16	-0.82151
3021.21	-0.816093
3021.26	-0.821686
3021.31	-0.858976
3021.36	-0.912482
3021.41	-0.970622
3021.46	-1.026485
3021.51	-1.080754
3021.56	-1.115024
3021.61	-1.123179
3021.66	-1.117935
3021.71	-1.087946
3021.76	-1.054306
3021.81	-1.015899
3021.86	-0.966497
3021.91	-0.916889
3021.96	-0.87048
3022.01	-0.84061
3022.061	-0.829845
3022.111	-0.83916
3022.161	-0.86042
3022.211	-0.898038
3022.261	-0.936236
3022.311	-0.972726
3022.361	-1.001984
3022.411	-1.014939
3022.461	-1.022582
3022.511	-1.021783
3022.561	-1.000936
3022.611	-0.963334
3022.661	-0.932924
3022.711	-0.906875
3022.761	-0.883501
3022.811	-0.872189
3022.861	-0.867538
3022.911	-0.875917
3022.961	-0.886345
3023.011	-0.893635
3023.061	-0.8958
3023.111	-0.904473
3023.161	-0.911975
3023.211	-0.92533
3023.261	-0.935216
3023.311	-0.950912
3023.361	-0.971547
3023.411	-0.992441
3023.461	-1.020495
3023.511	-1.049275
3023.561	-1.087508
3023.611	-1.140794
3023.661	-1.199807
3023.711	-1.274692
3023.761	-1.361605
3023.811	-1.44759
3023.861	-1.520274
3023.911	-1.585857
3023.961	-1.6389
3024.011	-1.673582
3024.061	-1.693388
3024.111	-1.698354
3024.161	-1.689136
3024.211	-1.667153
3024.261	-1.641962
3024.311	-1.615859
3024.361	-1.582972
3024.411	-1.547341
3024.461	-1.497682
3024.511	-1.442282
3024.561	-1.381807
3024.611	-1.315095
3024.661	-1.247271
3024.711	-1.178981
3024.761	-1.110167
3024.811	-1.034108
3024.861	-0.952776
3024.911	-0.871235
3024.961	-0.793139
3025.011	-0.706095
3025.061	-0.626634
3025.111	-0.568293
3025.161	-0.529133
3025.211	-0.507494
3025.261	-0.514893
3025.311	-0.562928
3025.361	-0.643064
3025.411	-0.755226
3025.461	-0.890843
3025.511	-1.039984
3025.561	-1.206176
3025.611	-1.360198
3025.661	-1.497076
3025.711	-1.599336
3025.761	-1.659792
3025.811	-1.670411
3025.861	-1.647098
3025.911	-1.589879
3025.961	-1.515944
3026.011	-1.428804
3026.061	-1.349063
3026.111	-1.280542
3026.161	-1.221964
3026.211	-1.186266
3026.261	-1.16874
3026.311	-1.17057
3026.361	-1.183274
3026.411	-1.194649
3026.461	-1.199238
3026.511	-1.204159
3026.561	-1.213273
3026.611	-1.211335
3026.661	-1.198875
3026.711	-1.182
3026.761	-1.169662
3026.811	-1.153646
3026.861	-1.142179
3026.911	-1.139576
3026.961	-1.151737
3027.011	-1.173911
3027.061	-1.211789
3027.111	-1.255429
3027.161	-1.296153
3027.211	-1.330814
3027.261	-1.337999
3027.311	-1.317793
3027.361	-1.292704
3027.411	-1.256257
3027.461	-1.208137
3027.511	-1.157855
3027.561	-1.102815
3027.611	-1.061315
3027.661	-1.041203
3027.711	-1.039576
3027.761	-1.060354
3027.811	-1.097974
3027.861	-1.149167
3027.911	-1.204777
3027.961	-1.255001
3028.011	-1.311893
3028.061	-1.349998
3028.111	-1.360666
3028.161	-1.348371
3028.211	-1.315258
3028.261	-1.265695
3028.311	-1.208893
3028.361	-1.144219
3028.411	-1.091268
3028.461	-1.047995
3028.511	-1.014652
3028.561	-0.973196
3028.611	-0.943077
3028.661	-0.918243
3028.711	-0.893683
3028.761	-0.871137
3028.811	-0.84125
3028.861	-0.80555
3028.911	-0.777845
3028.961	-0.741589
3029.011	-0.694087
3029.061	-0.654914
3029.111	-0.631386
3029.161	-0.628105
3029.211	-0.639641
3029.261	-0.665969
3029.311	-0.707543
3029.361	-0.756406
3029.411	-0.808565
3029.461	-0.865699
3029.511	-0.932804
3029.561	-0.98656
3029.611	-1.024501
3029.661	-1.056567
3029.711	-1.071235
3029.761	-1.074209
3029.811	-1.064988
3029.861	-1.052359
3029.911	-1.054992
3029.961	-1.060947
3030.011	-1.079859
3030.061	-1.114566
3030.111	-1.155782
3030.161	-1.201624
3030.211	-1.253951
3030.261	-1.300685
3030.311	-1.343516
3030.361	-1.382608
3030.411	-1.400013
3030.461	-1.404145
3030.511	-1.39666
3030.561	-1.371509
3030.611	-1.334842
3030.661	-1.296886
3030.711	-1.252922
3030.761	-1.204295
3030.811	-1.151363
3030.861	-1.104352
3030.911	-1.056083
3030.961	-1.018186
3031.011	-0.982862
3031.061	-0.952177
3031.111	-0.929035
3031.161	-0.914494
3031.211	-0.894153
3031.261	-0.880475
3031.311	-0.875323
3031.361	-0.870546
3031.411	-0.849259
3031.461	-0.83802
3031.511	-0.826434
3031.561	-0.818984
3031.611	-0.828864
3031.661	-0.847344
3031.711	-0.868589
3031.761	-0.890082
3031.811	-0.921574
3031.861	-0.953667
3031.911	-0.984275
3031.961	-1.020587
3032.011	-1.048082
3032.061	-1.072599
3032.111	-1.093844
3032.161	-1.105045
3032.211	-1.09761
3032.261	-1.081365
3032.311	-1.048292
3032.361	-1.002719
3032.411	-0.960866
3032.461	-0.920808
3032.511	-0.881707
3032.561	-0.854984
3032.611	-0.838794
3032.661	-0.834168
3032.711	-0.830952
3032.761	-0.833389
3032.811	-0.836186
3032.861	-0.829782
3032.911	-0.804523
3032.961	-0.760782
3033.011	-0.695019
3033.061	-0.619862
3033.111	-0.537563
3033.161	-0.454416
3033.211	-0.372514
3033.261	-0.300175
3033.311	-0.251795
3033.361	-0.227313
3033.411	-0.225049
3033.461	-0.247856
3033.511	-0.294588
3033.561	-0.362281
3033.611	-0.445606
3033.661	-0.53392
3033.711	-0.616125
3033.761	-0.679859
3033.811	-0.743538
3033.861	-0.786325
3033.911	-0.800183
3033.961	-0.797846
3034.011	-0.778574
3034.061	-0.752335
3034.111	-0.720664
3034.161	-0.689655
3034.211	-0.661608
3034.261	-0.645525
3034.311	-0.645582
3034.361	-0.646178
3034.411	-0.668221
3034.461	-0.701364
3034.511	-0.723169
3034.561	-0.736812
3034.611	-0.738619
3034.661	-0.713385
3034.711	-0.665707
3034.761	-0.601158
3034.811	-0.517359
3034.861	-0.421964
3034.911	-0.312887
3034.961	-0.20574
3035.011	-0.110893
3035.061	-0.042198
3035.111	0.004749
3035.161	0.028397
3035.211	0.03015
3035.261	0.003646
3035.311	-0.052459
3035.361	-0.118415
3035.411	-0.197604
3035.461	-0.289457
3035.511	-0.375023
3035.561	-0.452623
3035.611	-0.528709
3035.661	-0.591653
3035.711	-0.647016
3035.761	-0.687775
3035.811	-0.715436
3035.861	-0.735206
3035.911	-0.740381
3035.961	-0.742885
3036.011	-0.741993
3036.061	-0.736822
3036.111	-0.722061
3036.161	-0.699775
3036.211	-0.671085
3036.261	-0.624486
3036.311	-0.564392
3036.361	-0.486193
3036.411	-0.402143
3036.461	-0.316555
3036.511	-0.239414
3036.561	-0.177198
3036.611	-0.133353
3036.661	-0.114106
3036.711	-0.122421
3036.761	-0.152729
3036.811	-0.214852
3036.861	-0.294702
3036.911	-0.386137
3036.961	-0.475408
3037.011	-0.569796
3037.061	-0.650906
3037.111	-0.706755
3037.161	-0.738795
3037.211	-0.726063
3037.261	-0.685207
3037.311	-0.613253
3037.361	-0.526077
3037.411	-0.424327
3037.461	-0.327428
3037.511	-0.253715
3037.561	-0.207996
3037.611	-0.189772
3037.661	-0.214223
3037.711	-0.260489
3037.761	-0.30377
3037.811	-0.356874
3037.861	-0.408135
3037.911	-0.431336
3037.961	-0.431158
3038.011	-0.414855
3038.061	-0.36833
3038.111	-0.308069
3038.161	-0.256372
3038.211	-0.212657
3038.261	-0.172854
3038.311	-0.149592
3038.361	-0.1493
3038.411	-0.16866
3038.462	-0.192539
3038.512	-0.219911
3038.562	-0.253588
3038.612	-0.276927
3038.662	-0.293222
3038.712	-0.303368
3038.762	-0.303283
3038.812	-0.308845
3038.862	-0.314637
3038.912	-0.313358
3038.962	-0.30513
3039.012	-0.293613
3039.062	-0.285278
3039.112	-0.279575
3039.162	-0.278865
3039.212	-0.283447
3039.262	-0.297946
3039.312	-0.315048
3039.362	-0.338885
3039.412	-0.367904
3039.462	-0.388782
3039.512	-0.397325
3039.562	-0.395599
3039.612	-0.370742
3039.662	-0.331948
3039.712	-0.280632
3039.762	-0.233956
3039.812	-0.191202
3039.862	-0.154182
3039.912	-0.138382
3039.962	-0.122506
3040.012	-0.120239
3040.062	-0.128114
3040.112	-0.141671
3040.162	-0.158364
3040.212	-0.169282
3040.262	-0.170591
3040.312	-0.172309
3040.362	-0.164577
3040.412	-0.151406
3040.462	-0.12466
3040.512	-0.07459
3040.562	-0.012239
3040.612	0.04853
3040.662	0.107097
3040.712	0.169211
3040.762	0.208483
3040.812	0.223301
3040.862	0.214247
3040.912	0.205582
3040.962	0.180918
3041.012	0.149477
3041.062	0.119278
3041.112	0.094185
3041.162	0.087564
3041.212	0.086572
3041.262	0.102353
3041.312	0.13389
3041.362	0.151927
3041.412	0.179429
3041.462	0.202868
3041.512	0.209999
3041.562	0.200474
3041.612	0.176136
3041.662	0.134753
3041.712	0.075561
3041.762	0.019782
3041.812	-0.047955
3041.862	-0.114709
3041.912	-0.164865
3041.962	-0.205147
3042.012	-0.227998
3042.062	-0.223338
3042.112	-0.198595
3042.162	-0.158006
3042.212	-0.111965
3042.262	-0.068949
3042.312	-0.027155
3042.362	0.008002
3042.412	0.032569
3042.462	0.039289
3042.512	0.038662
3042.562	0.033293
3042.612	0.019137
3042.662	0.006554
3042.712	0.006231
3042.762	0.015229
3042.812	0.044002
3042.862	0.082495
3042.912	0.126039
3042.962	0.187474
3043.012	0.242281
3043.062	0.288626
3043.112	0.332173
3043.162	0.362345
3043.212	0.37327
3043.262	0.359727
3043.312	0.322056
3043.362	0.256269
3043.412	0.185547
3043.462	0.104293
3043.512	0.027028
3043.562	-0.032944
3043.612	-0.076593
3043.662	-0.09681
3043.712	-0.099718
3043.762	-0.08222
3043.812	-0.050941
3043.862	0.002646
3043.912	0.058263
3043.962	0.10578
3044.012	0.142859
3044.062	0.166779
3044.112	0.169173
3044.162	0.155543
3044.212	0.128348
3044.262	0.090578
3044.312	0.055396
3044.362	0.019504
3044.412	-0.009146
3044.462	-0.020424
3044.512	-0.018622
3044.562	-0.006081
3044.612	0.019457
3044.662	0.053741
3044.712	0.094599
3044.762	0.127018
3044.812	0.14131
3044.862	0.136868
3044.912	0.118475
3044.962	0.08713
3045.012	0.045281
3045.062	-0.006512
3045.112	-0.058263
3045.162	-0.100787
3045.212	-0.126297
3045.262	-0.147395
3045.312	-0.139681
3045.362	-0.106191
3045.412	-0.070175
3045.462	-0.03259
3045.512	0.020726
3045.562	0.065669
3045.612	0.097541
3045.662	0.117578
3045.712	0.116912
3045.762	0.096935
3045.812	0.074219
3045.862	0.030813
3045.912	-0.003025
3045.962	-0.036182
3046.012	-0.054207
3046.062	-0.058767
3046.112	-0.053331
3046.162	-0.045578
3046.212	-0.0259
3046.262	-0.005687
3046.312	0.011308
3046.362	0.021367
3046.412	0.026417
3046.462	0.014961
3046.512	-0.00768
3046.562	-0.031817
3046.612	-0.069698
3046.662	-0.111522
3046.712	-0.15886
3046.762	-0.202481
3046.812	-0.241924
3046.862	-0.259142
3046.912	-0.264935
3046.962	-0.246594
3047.012	-0.216189
3047.062	-0.166188
3047.112	-0.110897
3047.162	-0.048756
3047.212	0.012592
3047.262	0.067834
3047.312	0.105764
3047.362	0.122574
3047.412	0.125959
3047.462	0.123688
3047.512	0.112608
3047.562	0.096628
3047.612	0.081679
3047.662	0.085681
3047.712	0.089212
3047.762	0.095952
3047.812	0.107885
3047.862	0.127608
3047.912	0.156505
3047.962	0.179409
3048.012	0.19446
3048.062	0.195348
3048.112	0.174842
3048.162	0.143731
3048.212	0.093484
3048.262	0.029633
3048.312	-0.048854
3048.362	-0.121489
3048.412	-0.191594
3048.462	-0.24986
3048.512	-0.284082
3048.562	-0.30444
3048.612	-0.302865
3048.662	-0.275862
3048.712	-0.232895
3048.762	-0.185176
3048.812	-0.135768
3048.862	-0.092759
3048.912	-0.058862
3048.962	-0.047853
3049.012	-0.048599
3049.062	-0.063083
3049.112	-0.08839
3049.162	-0.116474
3049.212	-0.148825
3049.262	-0.1785
3049.312	-0.182579
3049.362	-0.173039
3049.412	-0.160648
3049.462	-0.134678
3049.512	-0.098091
3049.562	-0.06272
3049.612	-0.027522
3049.662	-0.008665
3049.712	-0.001927
3049.762	-0.003978
3049.812	-0.014061
3049.862	-0.045083
3049.912	-0.086082
3049.962	-0.131587
3050.012	-0.180532