3000.	-0.015301
3000.05	-0.010765
3000.1	-0.013609
3000.15	-0.012609
3000.2	-0.009708
3000.25	-0.010442
3000.3	-0.008595
3000.35	-0.002763
3000.4	-0.003386
3000.45	-0.001662
3000.5	0.001911
3000.55	0.005142
3000.6	0.009784
3000.65	0.005119
3000.7	0.007174
3000.75	0.012149
3000.8	0.018998
3000.85	0.014838
3000.9	0.004141
3000.95	0.009585
3001.	0.010269
3001.05	0.014688
3001.1	0.009638
3001.15	0.010183
3001.2	0.010647
3001.25	0.013221
3001.3	0.006959
3001.35	0.008391
3001.4	0.013067
3001.45	0.01462
3001.5	0.01549
3001.55	0.017654
3001.6	0.019943
3001.65	0.021074
3001.7	0.023988
3001.75	0.026907
3001.8	0.028356
3001.85	0.030405
3001.9	0.031813
3001.95	0.031377
3002.	0.036595
3002.05	0.037782
3002.1	0.037917
3002.15	0.034326
3002.2	0.033799
3002.25	0.030632
3002.3	0.033484
3002.35	0.035714
3002.4	0.03726
3002.45	0.036604
3002.5	0.038122
3002.55	0.044862
3002.6	0.038336
3002.65	0.024621
3002.7	0.031407
3002.75	0.034723
3002.8	0.038411
3002.85	0.037296
3002.9	0.036308
3002.95	0.037384
3003.	0.039794
3003.05	0.036086
3003.1	0.030361
3003.15	0.029337
3003.2	0.034034
3003.25	0.041474
3003.3	0.03945
3003.35	0.036213
3003.4	0.038175
3003.45	0.035467
3003.5	0.029989
3003.55	0.02719
3003.6	0.027001
3003.65	0.024051
3003.7	0.025209
3003.75	0.032246
3003.8	0.028815
3003.85	0.021206
3003.9	0.021094
3003.95	0.01729
3004.	0.013771
3004.05	0.011339
3004.1	0.00897
3004.15	0.0061
3004.2	0.005553
3004.25	0.008042
3004.3	0.008828
3004.35	0.00527
3004.4	0.012393
3004.45	0.013072
3004.5	0.007378
3004.55	0.004352
3004.6	0.003062
3004.65	0.000562
3004.7	-0.00339
3004.75	-0.006576
3004.8	-0.001543
3004.85	-0.001338
3004.9	-0.004749
3004.95	-0.008937
3005.	-0.00216
3005.05	-0.003675
3005.1	-0.008484
3005.15	-0.006791
3005.2	-0.009769
3005.25	-0.01477
3005.3	-0.014981
3005.35	-0.016881
3005.4	-0.015304
3005.45	-0.01081
3005.5	-0.009484
3005.55	-0.007709
3005.6	-0.005639
3005.65	-0.018206
3005.7	-0.019524
3005.75	-0.019633
3005.8	-0.014103
3005.85	-0.014422
3005.9	-0.019777
3005.95	-0.020812
3006.	-0.027457
3006.05	-0.029239
3006.1	-0.027291
3006.15	-0.028084
3006.2	-0.031841
3006.25	-0.038336
3006.3	-0.038407
3006.35	-0.033296
3006.4	-0.03811
3006.45	-0.044861
3006.5	-0.039854
3006.55	-0.038708
3006.6	-0.036888
3006.65	-0.036835
3006.7	-0.042442
3006.75	-0.046763
3006.8	-0.047047
3006.85	-0.045871
3006.9	-0.044526
3006.95	-0.045285
3007.	-0.04497
3007.05	-0.046651
3007.1	-0.047645
3007.15	-0.045884
3007.2	-0.050497
3007.25	-0.05455
3007.3	-0.059854
3007.35	-0.057573
3007.4	-0.059206
3007.45	-0.057557
3007.5	-0.055334
3007.55	-0.060611
3007.6	-0.060774
3007.65	-0.059256
3007.7	-0.057193
3007.75	-0.062923
3007.8	-0.064363
3007.85	-0.061596
3007.9	-0.056952
3007.95	-0.053288
3008.	-0.049994
3008.05	-0.053617
3008.1	-0.05081
3008.15	-0.053363
3008.201	-0.055254
3008.251	-0.052951
3008.301	-0.052843
3008.351	-0.057695
3008.401	-0.055173
3008.451	-0.051747
3008.501	-0.052928
3008.551	-0.053346
3008.601	-0.063614
3008.651	-0.064496
3008.701	-0.060054
3008.751	-0.05888
3008.801	-0.066097
3008.851	-0.06321
3008.901	-0.066439
3008.951	-0.064934
3009.001	-0.058473
3009.051	-0.061344
3009.101	-0.057572
3009.151	-0.049177
3009.201	-0.045701
3009.251	-0.056984
3009.301	-0.065753
3009.351	-0.066735
3009.401	-0.061347
3009.451	-0.06255
3009.501	-0.065558
3009.551	-0.064128
3009.601	-0.0736
3009.651	-0.073938
3009.701	-0.075981
3009.751	-0.071434
3009.801	-0.06506
3009.851	-0.070873
3009.901	-0.065683
3009.951	-0.067699
3010.001	-0.069027
3010.051	-0.071036
3010.101	-0.07189
3010.151	-0.079914
3010.201	-0.076853
3010.251	-0.074498
3010.301	-0.073479
3010.351	-0.079455
3010.401	-0.076234
3010.451	-0.075719
3010.501	-0.075615
3010.551	-0.074537
3010.601	-0.073228
3010.651	-0.074652
3010.701	-0.069158
3010.751	-0.074664
3010.801	-0.079837
3010.851	-0.075645
3010.901	-0.077531
3010.951	-0.07615
3011.001	-0.080828
3011.051	-0.085075
3011.101	-0.084905
3011.151	-0.093279
3011.201	-0.088474
3011.251	-0.096718
3011.301	-0.103582
3011.351	-0.108062
3011.401	-0.110277
3011.451	-0.111243
3011.501	-0.107625
3011.551	-0.093814
3011.601	-0.076622
3011.651	-0.056401
3011.701	-0.038356
3011.751	-0.028421
3011.801	-0.015066
3011.851	-0.015489
3011.901	-0.023821
3011.951	-0.038108
3012.001	-0.05608
3012.051	-0.070735
3012.101	-0.094321
3012.151	-0.109266
3012.201	-0.117145
3012.251	-0.123565
3012.301	-0.119175
3012.351	-0.114537
3012.401	-0.099169
3012.451	-0.08508
3012.501	-0.070989
3012.551	-0.065011
3012.601	-0.067807
3012.651	-0.070837
3012.701	-0.07739
3012.751	-0.080773
3012.801	-0.093484
3012.851	-0.099018
3012.901	-0.092904
3012.951	-0.094769
3013.001	-0.095947
3013.051	-0.089839
3013.101	-0.081168
3013.151	-0.077019
3013.201	-0.064775
3013.251	-0.054296
3013.301	-0.046031
3013.351	-0.037845
3013.401	-0.033402
3013.451	-0.034304
3013.501	-0.045019
3013.551	-0.048557
3013.601	-0.055471
3013.651	-0.064896
3013.701	-0.071782
3013.751	-0.075362
3013.801	-0.083709
3013.851	-0.089062
3013.901	-0.090176
3013.951	-0.081605
3014.001	-0.07348
3014.051	-0.062932
3014.101	-0.069577
3014.151	-0.071137
3014.201	-0.073712
3014.251	-0.067335
3014.301	-0.068675
3014.351	-0.073135
3014.401	-0.073708
3014.451	-0.067768
3014.501	-0.064668
3014.551	-0.053177
3014.601	-0.046847
3014.651	-0.044234
3014.701	-0.048707
3014.751	-0.050885
3014.801	-0.04904
3014.851	-0.048205
3014.901	-0.0522
3014.951	-0.050362
3015.001	-0.048544
3015.051	-0.046889
3015.101	-0.038086
3015.151	-0.033579
3015.201	-0.032902
3015.251	-0.038787
3015.301	-0.040268
3015.351	-0.0367
3015.401	-0.032242
3015.451	-0.031656
3015.501	-0.03839
3015.551	-0.041134
3015.601	-0.039504
3015.651	-0.036971
3015.701	-0.03229
3015.751	-0.026234
3015.801	-0.027454
3015.851	-0.027181
3015.901	-0.029747
3015.951	-0.022882
3016.001	-0.028702
3016.051	-0.02395
3016.101	-0.018214
3016.151	-0.014259
3016.201	-0.013488
3016.251	-0.014386
3016.301	-0.021009
3016.351	-0.022977
3016.401	-0.01949
3016.451	-0.008085
3016.501	-0.003424
3016.551	0.010351
3016.601	0.013749
3016.651	0.01492
3016.701	0.020656
3016.751	0.018205
3016.801	0.011461
3016.851	0.001521
3016.901	-0.003543
3016.951	-0.010465
3017.001	-0.008784
3017.051	-0.011065
3017.101	-0.010664
3017.151	-0.014095
3017.201	-0.010686
3017.251	0.001197
3017.301	0.007504
3017.351	0.018581
3017.401	0.021221
3017.451	0.021493
3017.501	0.026935
3017.551	0.0245
3017.601	0.027806
3017.651	0.026697
3017.701	0.032121
3017.751	0.036194
3017.801	0.037657
3017.851	0.048274
3017.901	0.056175
3017.951	0.063545
3018.001	0.073903
3018.051	0.081227
3018.101	0.094076
3018.151	0.105748
3018.201	0.11308
3018.251	0.121983
3018.301	0.137012
3018.351	0.150722
3018.401	0.168805
3018.451	0.184556
3018.501	0.19261
3018.551	0.204153
3018.601	0.221627
3018.651	0.22984
3018.701	0.230611
3018.751	0.216413
3018.801	0.184062
3018.851	0.126758
3018.901	0.028683
3018.951	-0.123851
3019.001	-0.350905
3019.051	-0.64548
3019.101	-1.033799
3019.151	-1.538699
3019.201	-2.161174
3019.251	-2.91423
3019.301	-3.791794
3019.351	-4.786498
3019.401	-5.876736
3019.451	-7.017958
3019.501	-8.129371
3019.551	-9.058497
3019.601	-9.584221
3019.651	-9.347493
3019.701	-7.938748
3019.751	-4.977779
3019.801	-0.243671
3019.851	6.166179
3019.901	13.675909
3019.951	21.274249
3020.001	27.65508
3020.051	31.523334
3020.101	31.98958
3020.151	28.769242
3020.201	22.241153
3020.251	13.215666
3020.301	2.795877
3020.351	-7.74099
3020.401	-16.974745
3020.451	-23.500173
3020.501	-26.281911
3020.551	-25.065727
3020.601	-20.461562
3020.651	-13.707477
3020.701	-6.272544
3020.751	0.468109
3020.801	5.412464
3020.851	7.83821
3020.901	7.617247
3020.951	5.272865
3021.001	1.764186
3021.051	-1.879984
3021.101	-4.818593
3021.151	-6.551815
3021.201	-6.916369
3021.251	-6.078333
3021.301	-4.437248
3021.351	-2.495345
3021.401	-0.710398
3021.451	0.632243
3021.501	1.393161
3021.551	1.618508
3021.601	1.475242
3021.651	1.150014
3021.701	0.81573
3021.751	0.582022
3021.801	0.483507
3021.851	0.491471
3021.901	0.54295
3021.951	0.566219
3022.001	0.526892
3022.051	0.435457
3022.101	0.337442
3022.151	0.315822
3022.201	0.411812
3022.251	0.60083
3022.301	0.825037
3022.351	1.00714
3022.401	1.046404
3022.451	0.864468
3022.501	0.480636
3022.551	0.021276
3022.601	-0.381689
3022.651	-0.582784
3022.701	-0.514378
3022.751	-0.190184
3022.801	0.256581
3022.851	0.665571
3022.901	0.883547
3022.951	0.809885
3023.001	0.475253
3023.051	0.009536
3023.101	-0.398259
3023.151	-0.608163
3023.201	-0.548563
3023.251	-0.253999
3023.301	0.167919
3023.351	0.536464
3023.401	0.730351
3023.451	0.665807
3023.501	0.390264
3023.551	-0.006011
3023.601	-0.383741
3023.651	-0.634142
3023.701	-0.703643
3023.751	-0.616349
3023.801	-0.42451
3023.851	-0.217473
3023.901	-0.044365
3023.951	0.058379
3024.001	0.096838
3024.051	0.098878
3024.101	0.073202
3024.151	0.04517
3024.201	-0.000015
3024.251	-0.064552
3024.301	-0.143103
3024.351	-0.211028
3024.401	-0.234028
3024.451	-0.217898
3024.501	-0.152417
3024.551	-0.062231
3024.602	0.006132
3024.652	0.012313
3024.702	-0.068812
3024.752	-0.213714
3024.802	-0.361982
3024.852	-0.473726
3024.902	-0.515214
3024.952	-0.470155
3025.002	-0.383007
3025.052	-0.286254
3025.102	-0.228945
3025.152	-0.225786
3025.202	-0.268678
3025.252	-0.303931
3025.302	-0.269959
3025.352	-0.147976
3025.402	0.027697
3025.452	0.194715
3025.502	0.264375
3025.552	0.185477
3025.602	-0.034597
3025.652	-0.3354
3025.702	-0.619813
3025.752	-0.763147
3025.802	-0.703868
3025.852	-0.452382
3025.902	-0.08958
3025.952	0.255213
3026.002	0.463142
3026.052	0.466001
3026.102	0.2515
3026.152	-0.100456
3026.202	-0.45551
3026.252	-0.709476
3026.302	-0.762895
3026.352	-0.601664
3026.402	-0.293497
3026.452	0.071182
3026.502	0.38926
3026.552	0.56245
3026.602	0.555617
3026.652	0.395165
3026.702	0.150734
3026.752	-0.103004
3026.802	-0.299902
3026.852	-0.388675
3026.902	-0.373556
3026.952	-0.279101
3027.002	-0.15504
3027.052	-0.04436
3027.102	0.024289
3027.152	0.035117
3027.202	0.010357
3027.252	-0.02969
3027.302	-0.070122
3027.352	-0.09602
3027.402	-0.113501
3027.452	-0.148
3027.502	-0.205509
3027.552	-0.281861
3027.602	-0.345387
3027.652	-0.363294
3027.702	-0.322207
3027.752	-0.20864
3027.802	-0.038776
3027.852	0.143645
3027.902	0.281473
3027.952	0.317021
3028.002	0.250967
3028.052	0.096972
3028.102	-0.094721
3028.152	-0.270699
3028.202	-0.3572
3028.252	-0.334807
3028.302	-0.197219
3028.352	0.007688
3028.402	0.22741
3028.452	0.395425
3028.502	0.446486
3028.552	0.35871
3028.602	0.158417
3028.652	-0.112253
3028.702	-0.380037
3028.752	-0.588768
3028.802	-0.693016
3028.852	-0.680962
3028.902	-0.578143
3028.952	-0.438561
3029.002	-0.312828
3029.052	-0.231464
3029.102	-0.205093
3029.152	-0.20886
3029.202	-0.208919
3029.252	-0.158808
3029.302	-0.058469
3029.352	0.092946
3029.402	0.244878
3029.452	0.343173
3029.502	0.354464
3029.552	0.275173
3029.602	0.149809
3029.652	0.0098
3029.702	-0.105244
3029.752	-0.164228
3029.802	-0.180168
3029.852	-0.1803
3029.902	-0.187488
3029.952	-0.201672
3030.002	-0.197085
3030.052	-0.159473
3030.102	-0.072741
3030.152	0.054162
3030.202	0.183067
3030.252	0.268449
3030.302	0.247078
3030.352	0.1267
3030.402	-0.081492
3030.452	-0.307381
3030.502	-0.474054
3030.552	-0.532099
3030.602	-0.464833
3030.652	-0.314941
3030.702	-0.135382
3030.752	0.021289
3030.802	0.096814
3030.852	0.09658
3030.902	0.043572
3030.952	-0.033294
3031.002	-0.085508
3031.052	-0.121813
3031.102	-0.135863
3031.152	-0.156059
3031.202	-0.191606
3031.252	-0.230475
3031.302	-0.268762
3031.352	-0.27474
3031.402	-0.221199
3031.452	-0.112783
3031.502	0.028953
3031.552	0.140847
3031.602	0.185475
3031.652	0.124607
3031.702	-0.02167
3031.752	-0.202487
3031.802	-0.358562
3031.852	-0.43102
3031.902	-0.407363
3031.952	-0.280301
3032.002	-0.095365
3032.052	0.072607
3032.102	0.174132
3032.152	0.176196
3032.202	0.079042
3032.252	-0.081361
3032.302	-0.237885
3032.352	-0.346952
3032.402	-0.366418
3032.452	-0.304113
3032.502	-0.17142
3032.552	-0.035355
3032.602	0.078346
3032.652	0.1392
3032.702	0.137995
3032.752	0.08161
3032.802	-0.021536
3032.852	-0.131162
3032.902	-0.227089
3032.952	-0.297366
3033.002	-0.318772
3033.052	-0.295945
3033.102	-0.245595
3033.152	-0.162054
3033.202	-0.078482
3033.252	0.006053
3033.302	0.056611
3033.352	0.083057
3033.402	0.082486
3033.452	0.044316
3033.502	-0.031089
3033.552	-0.121312
3033.602	-0.209142
3033.652	-0.282547
3033.702	-0.298075
3033.752	-0.254033
3033.802	-0.148717
3033.852	-0.008108
3033.902	0.140294
3033.952	0.245954
3034.002	0.285152
3034.052	0.236381
3034.102	0.096735
3034.152	-0.081791
3034.202	-0.261991
3034.252	-0.392073
3034.302	-0.451595
3034.352	-0.422708
3034.402	-0.334876
3034.452	-0.225259
3034.502	-0.147971
3034.552	-0.124654
3034.602	-0.181839
3034.652	-0.304583
3034.702	-0.492393
3034.752	-0.707759
3034.802	-0.94867
3034.852	-1.190239
3034.902	-1.429516
3034.952	-1.659948
3035.002	-1.858632
3035.052	-2.018689
3035.102	-2.108305
3035.152	-2.098216
3035.202	-1.94371
3035.252	-1.576473
3035.302	-0.942491
3035.352	0.007614
3035.402	1.27767
3035.452	2.813008
3035.502	4.492297
3035.552	6.146986
3035.602	7.539691
3035.652	8.43265
3035.702	8.579781
3035.752	7.808788
3035.802	6.094837
3035.852	3.578803
3035.902	0.569157
3035.952	-2.550606
3036.002	-5.324046
3036.052	-7.395258
3036.102	-8.496021
3036.152	-8.506911
3036.202	-7.458142
3036.252	-5.559619
3036.302	-3.18234
3036.352	-0.738453
3036.402	1.36241
3036.452	2.793713
3036.502	3.367273
3036.552	3.06404
3036.602	2.022881
3036.652	0.551639
3036.702	-0.992884
3036.752	-2.264489
3036.802	-2.997607
3036.852	-3.108712
3036.902	-2.620678
3036.952	-1.700981
3037.002	-0.593137
3037.052	0.445314
3037.102	1.213475
3037.152	1.580503
3037.202	1.553535
3037.252	1.216078
3037.302	0.719546
3037.352	0.217437
3037.402	-0.170037
3037.452	-0.348962
3037.502	-0.328381
3037.552	-0.130385
3037.602	0.157016
3037.652	0.432695
3037.702	0.614927
3037.752	0.657968
3037.802	0.566433
3037.852	0.387685
3037.902	0.170223
3037.952	-0.000795
3038.002	-0.084371
3038.052	-0.064604
3038.102	0.036018
3038.152	0.170663
3038.202	0.285657
3038.252	0.333361
3038.302	0.29483
3038.352	0.200237
3038.402	0.083662
3038.452	-0.008738
3038.502	-0.065357
3038.552	-0.052877
3038.602	0.012972
3038.652	0.091671
3038.702	0.158639
3038.752	0.199135
3038.802	0.223322
3038.852	0.216622
3038.902	0.193124
3038.952	0.18775
3039.002	0.173281
3039.052	0.155127
3039.102	0.116494
3039.152	0.062449
3039.202	-0.015313
3039.252	-0.078371
3039.302	-0.129577
3039.352	-0.158698
3039.402	-0.160115
3039.452	-0.127979
3039.502	-0.076223
3039.552	-0.020431
3039.602	0.042211
3039.652	0.091602
3039.702	0.134488
3039.752	0.140219
3039.802	0.112512
3039.852	0.053244
3039.902	-0.026485
3039.952	-0.11773
3040.002	-0.192815
3040.052	-0.240855
3040.102	-0.232633
3040.152	-0.172442
3040.202	-0.062353
3040.252	0.046386
3040.302	0.119621
3040.352	0.140195
3040.402	0.091785
3040.452	-0.00137
3040.502	-0.110282
3040.552	-0.183946
3040.602	-0.208917
3040.652	-0.163968
3040.702	-0.073388
3040.752	0.026804
3040.802	0.111633
3040.852	0.140692
3040.902	0.117418
3040.952	0.041862
3041.003	-0.050892
3041.053	-0.12377
3041.103	-0.161925
3041.153	-0.134765
3041.203	-0.073844
3041.253	0.006513
3041.303	0.065631
3041.353	0.084072
3041.403	0.058541
3041.453	-0.002998
3041.503	-0.070202
3041.553	-0.125745
3041.603	-0.149762
3041.653	-0.138363
3041.703	-0.104623
3041.753	-0.057101
3041.803	-0.010648
3041.853	0.036028
3041.903	0.054926
3041.953	0.041615
3042.003	0.020373
3042.053	-0.011906
3042.103	-0.027961
3042.153	-0.024181
3042.203	0.003099
3042.253	0.049832
3042.303	0.100929
3042.353	0.147199
3042.403	0.162149
3042.453	0.130199
3042.503	0.057215
3042.553	-0.039236
3042.603	-0.148243
3042.653	-0.229111
3042.703	-0.255498
3042.753	-0.222877
3042.803	-0.128959
3042.853	-0.017795
3042.903	0.08677
3042.953	0.144965
3043.003	0.138728
3043.053	0.085566
3043.103	-0.004413
3043.153	-0.111345
3043.203	-0.184509
3043.253	-0.200626
3043.303	-0.176777
3043.353	-0.104291
3043.403	-0.022462
3043.453	0.046016
3043.503	0.09556
3043.553	0.110483
3043.603	0.091899
3043.653	0.050203
3043.703	-0.006739
3043.753	-0.058322
3043.803	-0.098157
3043.853	-0.120475
3043.903	-0.107298
3043.953	-0.073329
3044.003	-0.035428
3044.053	-0.005327
3044.103	0.002102
3044.153	0.000919
3044.203	-0.02155
3044.253	-0.053718
3044.303	-0.086291
3044.353	-0.111651
3044.403	-0.124132
3044.453	-0.136909
3044.503	-0.139098
3044.553	-0.146307
3044.603	-0.139944
3044.653	-0.11902
3044.703	-0.084051
3044.753	-0.02719
3044.803	0.033539
3044.853	0.07944
3044.903	0.102313
3044.953	0.088458
3045.003	0.040822
3045.053	-0.040807
3045.103	-0.128696
3045.153	-0.198061
3045.203	-0.24262
3045.253	-0.248075
3045.303	-0.217736
3045.353	-0.154916
3045.403	-0.081224
3045.453	-0.009413
3045.503	0.044626
3045.553	0.080494
3045.603	0.098878
3045.653	0.099276
3045.703	0.077914
3045.753	0.051073
3045.803	0.023036
3045.853	-0.010209
3045.903	-0.040312
3045.953	-0.072645
3046.003	-0.108431
3046.053	-0.142988
3046.103	-0.171442
3046.153	-0.196121
3046.203	-0.212508
3046.253	-0.20855
3046.303	-0.182672
3046.353	-0.139492
3046.403	-0.089577
3046.453	-0.024327
3046.503	0.015655
3046.553	0.030422
3046.603	0.018224
3046.653	-0.011716
3046.703	-0.064666
3046.753	-0.11943
3046.803	-0.154966
3046.853	-0.172197
3046.903	-0.154739
3046.953	-0.115169
3047.003	-0.077647
3047.053	-0.034898
3047.103	-0.010859
3047.153	-0.007867
3047.203	-0.020276
3047.253	-0.045255
3047.303	-0.072469
3047.353	-0.101367
3047.403	-0.124379
3047.453	-0.136171
3047.503	-0.130804
3047.553	-0.109653
3047.603	-0.08664
3047.653	-0.05915
3047.703	-0.02572
3047.753	0.003963
3047.803	0.019437
3047.853	0.024015
3047.903	0.020841
3047.953	0.006779
3048.003	-0.01408
3048.053	-0.041875
3048.103	-0.056803
3048.153	-0.078572
3048.203	-0.100601
3048.253	-0.114674
3048.303	-0.126832
3048.353	-0.116333
3048.403	-0.088875
3048.453	-0.056041
3048.503	-0.018172
3048.553	-0.000413
3048.603	0.002259
3048.653	-0.017861
3048.703	-0.04856
3048.753	-0.094538
3048.803	-0.121318
3048.853	-0.125251
3048.903	-0.096571
3048.953	-0.05207
3049.003	-0.007552
3049.053	0.02841
3049.103	0.032114
3049.153	0.014893
3049.203	-0.033226
3049.253	-0.084592
3049.303	-0.118248
3049.353	-0.136707
3049.403	-0.122219
3049.453	-0.088805
3049.503	-0.039797
3049.553	-0.008992
3049.603	0.009178
3049.653	0.003901
3049.703	-0.010089
3049.753	-0.035776
3049.803	-0.065885
3049.853	-0.101917
3049.903	-0.128143
3049.953	-0.147706
3050.003	-0.167099
3050.053	-0.172096
3050.103	-0.169843
3050.153	-0.164029
3050.203	-0.151308
3050.253	-0.14122
3050.303	-0.150733
3050.353	-0.190986
3050.403	-0.268457
3050.453	-0.361825
3050.503	-0.476533
3050.553	-0.575459
3050.603	-0.645428
3050.653	-0.670251
3050.703	-0.666069
3050.753	-0.604923
3050.803	-0.486393
3050.853	-0.306343
3050.903	-0.061556
3050.953	0.257589
3051.003	0.653495
3051.053	1.098967
3051.103	1.552041
3051.153	1.965948
3051.203	2.27781
3051.253	2.415569
3051.303	2.341107
3051.353	2.03956
3051.403	1.51571
3051.453	0.823397
3051.503	0.015306
3051.553	-0.83302
3051.603	-1.62132
3051.653	-2.243945
3051.703	-2.62966
3051.753	-2.725012
3051.803	-2.511514
3051.853	-2.033808
3051.903	-1.356253
3051.953	-0.597357
3052.003	0.122743
3052.053	0.691605
3052.103	1.038343
3052.153	1.09939
3052.203	0.91203
3052.253	0.5087
3052.303	0.003103
3052.353	-0.505008
3052.403	-0.910313
3052.453	-1.138522
3052.503	-1.157864
3052.553	-0.977446
3052.603	-0.638156
3052.653	-0.225575
3052.703	0.18306
3052.753	0.498723
3052.803	0.676316
3052.853	0.687075
3052.903	0.567731
3052.953	0.356501
3053.003	0.109915
3053.053	-0.096096
3053.103	-0.235621
3053.153	-0.275684
3053.203	-0.216104
3053.253	-0.098639
3053.303	0.050723
3053.353	0.178645
3053.403	0.261622
3053.453	0.28596
3053.503	0.252358
3053.553	0.190681
3053.603	0.093519
3053.653	0.00772
3053.703	-0.056393
3053.753	-0.085866
3053.803	-0.084446
3053.853	-0.052865
3053.903	-0.01192
3053.953	0.027993
3054.003	0.048009
3054.053	0.049104
3054.103	0.02868
3054.153	-0.007048
3054.203	-0.048928
3054.253	-0.081382
3054.303	-0.095402
3054.353	-0.089987
3054.403	-0.062167
3054.453	-0.025663
3054.503	0.007879
3054.553	0.033492
3054.603	0.042479
3054.653	0.037282
3054.703	0.02392
3054.753	0.000112
3054.803	-0.027978
3054.853	-0.053165
3054.903	-0.074086
3054.953	-0.084238
3055.003	-0.090003
3055.053	-0.093007
3055.103	-0.078698
3055.153	-0.049003
3055.203	-0.018534
3055.253	0.01315
3055.303	0.044906
3055.353	0.061619
3055.403	0.069314
3055.453	0.063266
3055.503	0.028138
3055.553	-0.016618
3055.603	-0.06849
3055.653	-0.122669
3055.703	-0.145026
3055.753	-0.147746
3055.803	-0.129653
3055.853	-0.091078
3055.903	-0.03539
3055.953	0.008788
3056.003	0.037316
3056.053	0.031765
3056.103	0.009327
3056.153	-0.017012
3056.203	-0.053115
3056.253	-0.084777
3056.303	-0.09919
3056.353	-0.114297
3056.403	-0.108816
3056.453	-0.085018
3056.503	-0.062784
3056.553	-0.043051
3056.603	-0.033844
3056.653	-0.028504
3056.703	-0.033542
3056.753	-0.059391
3056.803	-0.090215
3056.853	-0.115008
3056.903	-0.135524
3056.953	-0.145979
3057.003	-0.143049
3057.053	-0.13066
3057.103	-0.101996
3057.153	-0.086819
3057.203	-0.084058
3057.253	-0.081753
3057.303	-0.100748
3057.354	-0.133045
3057.404	-0.172923
3057.454	-0.211339
3057.504	-0.229809
3057.554	-0.229939
3057.604	-0.20614
3057.654	-0.156253
3057.704	-0.109263
3057.754	-0.077449
3057.804	-0.046577
3057.854	-0.0387
3057.904	-0.061112
3057.954	-0.097648
3058.004	-0.14524
3058.054	-0.19946
3058.104	-0.258606
3058.154	-0.289049
3058.204	-0.304667
3058.254	-0.305986
3058.304	-0.286378
3058.354	-0.25922
3058.404	-0.232461
3058.454	-0.204894
3058.504	-0.170703
3058.554	-0.129663
3058.604	-0.1072
3058.654	-0.082237
3058.704	-0.063278
3058.754	-0.065209
3058.804	-0.069416
3058.854	-0.072865
3058.904	-0.063777
3058.954	-0.048829
3059.004	-0.020048
3059.054	0.020778
3059.104	0.081851
3059.154	0.131709
3059.204	0.160951
3059.254	0.173046
3059.304	0.169643
3059.354	0.14796
3059.404	0.119046
3059.454	0.089633
3059.504	0.065072
3059.554	0.052395
3059.604	0.061393
3059.654	0.092513
3059.704	0.126415
3059.754	0.165842
3059.804	0.177968
3059.854	0.177051
3059.904	0.156561
3059.954	0.112766
3060.004	0.057245
3060.054	0.00001
3060.104	-0.04011
3060.154	-0.064879
3060.204	-0.062691
3060.254	-0.046536
3060.304	-0.017041
3060.354	-0.006982
3060.404	-0.007791
3060.454	-0.021308
3060.504	-0.055372
3060.554	-0.093588
3060.604	-0.11729
3060.654	-0.142957
3060.704	-0.151449
3060.754	-0.147018
3060.804	-0.132491
3060.854	-0.110896
3060.904	-0.097054
3060.954	-0.088833
3061.004	-0.091154
3061.054	-0.104575
3061.104	-0.117905
3061.154	-0.129879
3061.204	-0.149241
3061.254	-0.153651
3061.304	-0.149796
3061.354	-0.155359
3061.404	-0.162613
3061.454	-0.166823
3061.504	-0.180052
3061.554	-0.200144
3061.604	-0.226244
3061.654	-0.253717
3061.704	-0.27413
3061.754	-0.286928
3061.804	-0.294104
3061.854	-0.284756
3061.904	-0.266184
3061.954	-0.241127
3062.004	-0.216091
3062.054	-0.200772
3062.104	-0.170523
3062.154	-0.152083
3062.204	-0.140692
3062.254	-0.134202
3062.304	-0.130109
3062.354	-0.129584
3062.404	-0.133218
3062.454	-0.135169
3062.504	-0.137487
3062.554	-0.120995
3062.604	-0.097001
3062.654	-0.071324
3062.704	-0.033907
3062.754	0.008146
3062.804	0.046919
3062.854	0.077833
3062.904	0.107169
3062.954	0.111307
3063.004	0.094959
3063.054	0.069851
3063.104	0.044259
3063.154	0.027344
3063.204	0.032698
3063.254	0.041537
3063.304	0.058616
3063.354	0.091067
3063.404	0.119864
3063.454	0.128256
3063.504	0.124195
3063.554	0.100223
3063.604	0.068324
3063.654	0.025713
3063.704	-0.001808
3063.754	-0.025377
3063.804	-0.021368
3063.854	-0.014259
3063.904	0.00257
3063.954	0.024729
3064.004	0.035184
3064.054	0.030327
3064.104	0.016448
3064.154	0.002287
3064.204	-0.017472
3064.254	-0.042066
3064.304	-0.053115
3064.354	-0.058539
3064.404	-0.0541
3064.454	-0.047838
3064.504	-0.039126
3064.554	-0.028972
3064.604	-0.021949
3064.654	-0.03037
3064.704	-0.048199
3064.754	-0.069852
3064.804	-0.105246
3064.854	-0.138794
3064.904	-0.169619
3064.954	-0.187998
3065.004	-0.187696
3065.054	-0.179387
3065.104	-0.15427
3065.154	-0.128536
3065.204	-0.109056
3065.254	-0.08866
3065.304	-0.082562
3065.354	-0.083276
3065.404	-0.091811
3065.454	-0.100135
3065.504	-0.112177
3065.554	-0.121203
3065.604	-0.141154
3065.654	-0.141923
3065.704	-0.141452
3065.754	-0.140699
3065.804	-0.139756
3065.854	-0.129522
3065.904	-0.122436
3065.954	-0.122387
3066.004	-0.133313
3066.054	-0.157107
3066.104	-0.17695
3066.154	-0.202256
3066.204	-0.22852
3066.254	-0.236057
3066.304	-0.225732
3066.354	-0.198852
3066.404	-0.146764
3066.454	-0.080585
3066.504	0.012822
3066.554	0.12283
3066.604	0.240385
3066.654	0.356379
3066.704	0.475639
3066.754	0.570086
3066.804	0.634801
3066.854	0.656151
3066.904	0.620145
3066.954	0.518293
3067.004	0.352399
3067.054	0.132975
3067.104	-0.126001
3067.154	-0.403415
3067.204	-0.652414
3067.254	-0.860323
3067.304	-0.976903
3067.354	-1.005932
3067.404	-0.932827
3067.454	-0.777191
3067.504	-0.555511
3067.554	-0.30548
3067.604	-0.067984
3067.654	0.120041
3067.704	0.230558
3067.754	0.246673
3067.804	0.1749
3067.854	0.037128
3067.904	-0.13893
3067.954	-0.305472
3068.004	-0.438218
3068.054	-0.519617
3068.104	-0.528067
3068.154	-0.46603
3068.204	-0.350395
3068.254	-0.202703
3068.304	-0.033153
3068.354	0.108664
3068.404	0.209661
3068.454	0.264074
3068.504	0.266324
3068.554	0.213325
3068.604	0.135304
3068.654	0.046585
3068.704	-0.04186
3068.754	-0.106108
3068.804	-0.131047
3068.854	-0.121575
3068.904	-0.084872
3068.954	-0.04056
3069.004	0.013092
3069.054	0.050204
3069.104	0.064233
3069.154	0.054076
3069.204	0.023808
3069.254	-0.027431
3069.304	-0.083666
3069.354	-0.132583
3069.404	-0.170559
3069.454	-0.206199
3069.504	-0.231779
3069.554	-0.239366
3069.604	-0.250277
3069.654	-0.255965
3069.704	-0.248092
3069.754	-0.236715
3069.804	-0.21913
3069.854	-0.205531
3069.904	-0.190874
3069.954	-0.172231
3070.004	-0.149891
3070.054	-0.124346
3070.104	-0.094209
3070.154	-0.068328
3070.204	-0.051038
3070.254	-0.037521
3070.304	-0.0232
3070.354	-0.011227
3070.404	0.00525
3070.454	0.014433
3070.504	0.015038
3070.554	0.025632
3070.604	0.021694
3070.654	0.012581
3070.704	0.002957
3070.754	-0.021787
3070.804	-0.044354
3070.854	-0.071477
3070.904	-0.10362
3070.954	-0.118892
3071.004	-0.131707
3071.054	-0.127579
3071.104	-0.122858
3071.154	-0.123352
3071.204	-0.137163
3071.254	-0.142599
3071.304	-0.158612
3071.354	-0.17987
3071.404	-0.197061
3071.454	-0.203544
3071.504	-0.187537
3071.554	-0.16421
3071.604	-0.12716
3071.654	-0.081273
3071.704	-0.037746
3071.754	-0.001727
3071.804	0.002157
3071.854	-0.002848
3071.904	-0.019146
3071.954	-0.043709
3072.004	-0.078519
3072.054	-0.097527
3072.104	-0.09637
3072.154	-0.092533
3072.204	-0.071658
3072.254	-0.034553
3072.304	-0.001483
3072.354	0.021673
3072.404	0.027275
3072.454	0.028745
3072.504	0.026373
3072.554	0.01147
3072.604	-0.002031
3072.654	-0.012317
3072.704	-0.024308
3072.754	-0.033318
3072.804	-0.024425
3072.854	-0.026578
3072.904	-0.040364
3072.954	-0.059692
3073.004	-0.09131
3073.054	-0.136983
3073.104	-0.188514
3073.154	-0.235475
3073.204	-0.287512
3073.254	-0.304155
3073.304	-0.304541
3073.354	-0.274844
3073.404	-0.22674
3073.454	-0.160207
3073.504	-0.085843
3073.554	-0.002219
3073.604	0.079575
3073.654	0.141934
3073.704	0.189135
3073.755	0.218991
3073.805	0.22563
3073.855	0.209104
3073.905	0.174474
3073.955	0.132426
3074.005	0.083624
3074.055	0.047454
3074.105	0.008151
3074.155	-0.035263
3074.205	-0.067841
3074.255	-0.093165
3074.305	-0.118856
3074.355	-0.13722
3074.405	-0.135582
3074.455	-0.130355
3074.505	-0.105156
3074.555	-0.067209
3074.605	-0.031832
3074.655	0.013076
3074.705	0.058669
3074.755	0.093667
3074.805	0.112357
3074.855	0.119443
3074.905	0.104656
3074.955	0.069777
3075.005	0.038511
3075.055	0.002004
3075.105	-0.029073
3075.155	-0.044123
3075.205	-0.048529
3075.255	-0.032525
3075.305	-0.013704
3075.355	0.012727
3075.405	0.027748
3075.455	0.04174
3075.505	0.057584
3075.555	0.053349
3075.605	0.039932
3075.655	0.021674
3075.705	0.0081
3075.755	-0.002399
3075.805	-0.006861
3075.855	-0.005675
3075.905	-0.003575
3075.955	0.00488
3076.005	0.010894
3076.055	0.006698
3076.105	-0.007057
3076.155	-0.032762
3076.205	-0.078477
3076.255	-0.124478
3076.305	-0.166865
3076.355	-0.198104
3076.405	-0.202147
3076.455	-0.182614
3076.505	-0.14592
3076.555	-0.106588
3076.605	-0.058739
3076.655	-0.017978
3076.705	0.006869
3076.755	0.016919
3076.805	0.019023
3076.855	0.011734
3076.905	-0.015826
3076.955	-0.031082
3077.005	-0.042174
3077.055	-0.038789
3077.105	-0.032743
3077.155	-0.013415
3077.205	0.004053
3077.255	0.017423
3077.305	0.012741
3077.355	-0.00514
3077.405	-0.041937
3077.455	-0.090916
3077.505	-0.142461
3077.555	-0.183329
3077.605	-0.202641
3077.655	-0.197432
3077.705	-0.175516
3077.755	-0.136949
3077.805	-0.084201
3077.855	-0.033063
3077.905	0.014081
3077.955	0.052567
3078.005	0.08034
3078.055	0.092693
3078.105	0.093378
3078.155	0.085046
3078.205	0.058276
3078.255	0.020391
3078.305	-0.006719
3078.355	-0.039656
3078.405	-0.05865
3078.455	-0.059605
3078.505	-0.052761
3078.555	-0.037825
3078.605	-0.019543
3078.655	-0.00268
3078.705	0.012739
3078.755	0.031178
3078.805	0.050554
3078.855	0.062846
3078.905	0.072067
3078.955	0.076482
3079.005	0.081634
3079.055	0.065652
3079.105	0.036263
3079.155	0.009608
3079.205	-0.015607
3079.255	-0.041371
3079.305	-0.062236
3079.355	-0.064497
3079.405	-0.063555
3079.455	-0.053426
3079.505	-0.038473
3079.555	-0.016338
3079.605	-0.002448
3079.655	0.022254
3079.705	0.034049
3079.755	0.020958
3079.805	-0.006732
3079.855	-0.057853
3079.905	-0.108627
3079.955	-0.164055
3080.005	-0.207949
3080.055	-0.22763
3080.105	-0.218345
3080.155	-0.196356
3080.205	-0.149806
3080.255	-0.097749
3080.305	-0.048086
3080.355	-0.019811
3080.405	-0.002581
3080.455	-0.008951
3080.505	-0.023585
3080.555	-0.053233
3080.605	-0.093854
3080.655	-0.126525
3080.705	-0.147131
3080.755	-0.14134
3080.805	-0.126228
3080.855	-0.103705
3080.905	-0.079648
3080.955	-0.052343
3081.005	-0.038137
3081.055	-0.046054
3081.105	-0.055611
3081.155	-0.082463
3081.205	-0.118171
3081.255	-0.139721
3081.305	-0.160169
3081.355	-0.164405
3081.405	-0.147523
3081.455	-0.140323
3081.505	-0.122761
3081.555	-0.115167
3081.605	-0.108424
3081.655	-0.097834
3081.705	-0.090556
3081.755	-0.071811
3081.805	-0.057705
3081.855	-0.032267
3081.905	-0.002829
3081.955	0.026901
3082.005	0.068721
3082.055	0.112827
3082.105	0.151877
3082.155	0.169631
3082.205	0.177401
3082.255	0.164709
3082.305	0.138599
3082.355	0.115134
3082.405	0.088863
3082.455	0.061865
3082.505	0.036338
3082.555	0.017732
3082.605	-0.001259
3082.655	-0.019995
3082.705	-0.056096
3082.755	-0.103789
3082.805	-0.160113
3082.855	-0.228589
3082.905	-0.294061
3082.955	-0.342275
3083.005	-0.369893
3083.055	-0.366222
3083.105	-0.325515
3083.155	-0.262974
3083.205	-0.172214
3083.255	-0.078212
3083.305	-0.00219
3083.355	0.060894
3083.405	0.079563
3083.455	0.060309
3083.505	0.015986
3083.555	-0.058759
3083.605	-0.137897
3083.655	-0.207745
3083.705	-0.244302
3083.755	-0.245702
3083.805	-0.20869
3083.855	-0.137655
3083.905	-0.046766
3083.955	0.044808
3084.005	0.116871
3084.055	0.150743
3084.105	0.146954
3084.155	0.106836
3084.205	0.031883
3084.255	-0.052664
3084.305	-0.127166
3084.355	-0.187192
3084.405	-0.227698
3084.455	-0.228573
3084.505	-0.201582
3084.555	-0.155237
3084.605	-0.100007
3084.655	-0.052448
3084.705	-0.015634
3084.755	0.002575
3084.805	0.009539
3084.855	-0.01207
3084.905	-0.042355
3084.955	-0.071244
3085.005	-0.102173
3085.055	-0.119793
3085.105	-0.133987
3085.155	-0.141542
3085.205	-0.147903
3085.255	-0.151046
3085.305	-0.165257
3085.355	-0.176339
3085.405	-0.179994
3085.455	-0.174215
3085.505	-0.167227
3085.555	-0.15406
3085.605	-0.120578
3085.655	-0.089821
3085.705	-0.053646
3085.755	-0.014333
3085.805	0.008621
3085.855	0.022194
3085.905	0.013284
3085.955	-0.00447
3086.005	-0.032751
3086.055	-0.071509
3086.105	-0.109143
3086.155	-0.136837
3086.205	-0.148787
3086.255	-0.151924
3086.305	-0.139099
3086.355	-0.116589
3086.405	-0.09453
3086.455	-0.06646
3086.505	-0.057782
3086.555	-0.052689
3086.605	-0.05949
3086.655	-0.079273
3086.705	-0.101985
3086.755	-0.11503
3086.805	-0.136678
3086.855	-0.139197
3086.905	-0.132285
3086.955	-0.12931
3087.005	-0.124775
3087.055	-0.111552
3087.105	-0.103777
3087.155	-0.10438
3087.205	-0.110638
3087.255	-0.119893
3087.305	-0.126871
3087.355	-0.12414
3087.405	-0.123034
3087.455	-0.112
3087.505	-0.097412
3087.555	-0.074208
3087.605	-0.052932
3087.655	-0.043179
3087.705	-0.04738
3087.755	-0.055775
3087.805	-0.065926
3087.855	-0.084211
3087.905	-0.101047
3087.955	-0.108101
3088.005	-0.100961
3088.055	-0.107251
3088.105	-0.095518
3088.155	-0.081147
3088.205	-0.059958
3088.255	-0.052379
3088.305	-0.048267
3088.355	-0.064877
3088.405	-0.090605
3088.455	-0.120879
3088.505	-0.132246
3088.555	-0.159622
3088.605	-0.169326
3088.655	-0.159084
3088.705	-0.149925
3088.755	-0.129046
3088.805	-0.103231
3088.855	-0.092997
3088.905	-0.077377
3088.955	-0.073393
3089.005	-0.081773
3089.055	-0.090488
3089.105	-0.108514
3089.155	-0.11916
3089.205	-0.11962
3089.255	-0.117707
3089.305	-0.104304
3089.355	-0.079244
3089.405	-0.06004
3089.455	-0.032026
3089.505	-0.012499
3089.555	-0.013079
3089.605	-0.027007
3089.655	-0.054543
3089.705	-0.096377
3089.755	-0.141745
3089.805	-0.175575
3089.855	-0.199875
3089.905	-0.213958
3089.955	-0.20385
3090.005	-0.174251
3090.055	-0.141664
3090.105	-0.104781
3090.156	-0.076223
3090.206	-0.059956
3090.256	-0.060928
3090.306	-0.069814
3090.356	-0.086769
3090.406	-0.114823
3090.456	-0.138596
3090.506	-0.148414
3090.556	-0.157361
3090.606	-0.147671
3090.656	-0.135028
3090.706	-0.120973
3090.756	-0.10922
3090.806	-0.104171
3090.856	-0.106312
3090.906	-0.119884
3090.956	-0.13284
3091.006	-0.135491
3091.056	-0.139588
3091.106	-0.133863
3091.156	-0.118595
3091.206	-0.094267
3091.256	-0.067889
3091.306	-0.047237
3091.356	-0.035279
3091.406	-0.0411
3091.456	-0.045583
3091.506	-0.066327
3091.556	-0.088884
3091.606	-0.117537
3091.656	-0.142283
3091.706	-0.153526
3091.756	-0.158243
3091.806	-0.147141
3091.856	-0.136999
3091.906	-0.129479
3091.956	-0.12201
3092.006	-0.123327
3092.056	-0.1353
3092.106	-0.158851
3092.156	-0.174701
3092.206	-0.187515
3092.256	-0.204138
3092.306	-0.200363
3092.356	-0.185975
3092.406	-0.162525
3092.456	-0.129144
3092.506	-0.096461
3092.556	-0.075205
3092.606	-0.054077
3092.656	-0.062601
3092.706	-0.08079
3092.756	-0.108301
3092.806	-0.141974
3092.856	-0.176837
3092.906	-0.209145
3092.956	-0.225237
3093.006	-0.225287
3093.056	-0.219292
3093.106	-0.195527
3093.156	-0.171927
3093.206	-0.15249
3093.256	-0.138372
3093.306	-0.135508
3093.356	-0.134205
3093.406	-0.135048
3093.456	-0.135345
3093.506	-0.132514
3093.556	-0.123079
3093.606	-0.104037
3093.656	-0.085126
3093.706	-0.055731
3093.756	-0.024788
3093.806	-0.00924
3093.856	-0.015803
3093.906	-0.032356
3093.956	-0.061063
3094.006	-0.089236
3094.056	-0.115187
3094.106	-0.138547
3094.156	-0.14658
3094.206	-0.13506
3094.256	-0.101042
3094.306	-0.065096
3094.356	-0.03292
3094.406	-0.004884
3094.456	0.020817
3094.506	0.01846
3094.556	-0.002828
3094.606	-0.040874
3094.656	-0.085611
3094.706	-0.124052
3094.756	-0.155435
3094.806	-0.173273
3094.856	-0.164978
3094.906	-0.142773
3094.956	-0.119893
3095.006	-0.091807
3095.056	-0.074802
3095.106	-0.073059
3095.156	-0.077968
3095.206	-0.106962
3095.256	-0.125025
3095.306	-0.157421
3095.356	-0.177488
3095.406	-0.186076
3095.456	-0.186791
3095.506	-0.181157
3095.556	-0.156117
3095.606	-0.135519
3095.656	-0.117246
3095.706	-0.103837
3095.756	-0.101204
3095.806	-0.11402
3095.856	-0.139248
3095.906	-0.153051
3095.956	-0.167934
3096.006	-0.180126
3096.056	-0.181095
3096.106	-0.169339
3096.156	-0.152568
3096.206	-0.130915
3096.256	-0.123651
3096.306	-0.109527
3096.356	-0.103782
3096.406	-0.103084
3096.456	-0.116531
3096.506	-0.131494
3096.556	-0.135852
3096.606	-0.138916
3096.656	-0.126413
3096.706	-0.116956
3096.756	-0.100896
3096.806	-0.083096
3096.856	-0.061385
3096.906	-0.059869
3096.956	-0.069714
3097.006	-0.078017
3097.056	-0.102189
3097.106	-0.127454
3097.156	-0.146912
3097.206	-0.154211
3097.256	-0.152401
3097.306	-0.134288
3097.356	-0.104854
3097.406	-0.071231
3097.456	-0.045528
3097.506	-0.014536
3097.556	-0.002665
3097.606	-0.000293
3097.656	-0.007659
3097.706	-0.024821
3097.756	-0.037032
3097.806	-0.048439
3097.856	-0.046414
3097.906	-0.048084
3097.956	-0.038518
3098.006	-0.015177
3098.056	-0.006682
3098.106	0.001811
3098.156	0.008278
3098.206	-0.008157
3098.256	-0.032697
3098.306	-0.067111
3098.356	-0.103457
3098.406	-0.139781
3098.456	-0.163747
3098.506	-0.166918
3098.556	-0.165116
3098.606	-0.148323
3098.656	-0.112763
3098.706	-0.079499
3098.756	-0.060645
3098.806	-0.036776
3098.856	-0.025658
3098.906	-0.018049
3098.956	-0.024882
3099.006	-0.036472
3099.056	-0.043503
3099.106	-0.050594
3099.156	-0.049162
3099.206	-0.040464
3099.256	-0.03288
3099.306	-0.023617
3099.356	-0.01428
3099.406	-0.00962
3099.456	-0.007815
3099.506	0.000606
3099.556	0.008554
3099.606	0.008307
3099.656	0.009454
3099.706	0.018581
3099.756	0.02318
3099.806	0.017762
3099.856	0.011729
3099.906	-0.006422
3099.956	-0.021597
3100.006	-0.044048
3100.056	-0.077564
3100.106	-0.104607
3100.156	-0.124149
3100.206	-0.139219
3100.256	-0.127333
3100.306	-0.108438
3100.356	-0.077237
3100.406	-0.04533
3100.456	-0.019543
3100.506	0.000011
3100.556	0.010944
3100.606	-0.002019
3100.656	-0.022956
3100.706	-0.064747
3100.756	-0.106001
3100.806	-0.138796
3100.856	-0.162339
3100.906	-0.166531
3100.956	-0.160945
3101.006	-0.132024
3101.056	-0.103709
3101.106	-0.066085
3101.156	-0.028626
3101.206	-0.007701
3101.256	-0.001888
3101.306	-0.022469
3101.356	-0.040527
3101.406	-0.059228
3101.456	-0.080567
3101.506	-0.098542
3101.556	-0.100257
3101.606	-0.09248
3101.656	-0.067637
3101.706	-0.048641
3101.756	-0.03392
3101.806	-0.032825
3101.856	-0.046907
3101.906	-0.059196
3101.956	-0.076503
3102.006	-0.09973
3102.056	-0.115453
3102.106	-0.12859
3102.156	-0.126189
3102.206	-0.113852
3102.256	-0.098956
3102.306	-0.075977
3102.356	-0.051834
3102.406	-0.047247
3102.456	-0.05153
3102.506	-0.063276
3102.556	-0.086605
3102.606	-0.115244
3102.656	-0.13625
3102.706	-0.147371
3102.756	-0.148609
3102.806	-0.133747
3102.856	-0.123636
3102.906	-0.094404
3102.956	-0.076687
3103.006	-0.064657
3103.056	-0.063952
3103.106	-0.070151
3103.156	-0.09483
3103.206	-0.123322
3103.256	-0.152518
3103.306	-0.173954
3103.356	-0.181022
3103.406	-0.178591
3103.456	-0.158699
3103.506	-0.128708
3103.556	-0.096952
3103.606	-0.069484
3103.656	-0.051371
3103.706	-0.046582
3103.756	-0.057461
3103.806	-0.075555
3103.856	-0.092807
3103.906	-0.11638
3103.956	-0.124619
3104.006	-0.134425
3104.056	-0.120017
3104.106	-0.105058
3104.156	-0.097629
3104.206	-0.085616
3104.256	-0.080526
3104.306	-0.098444
3104.356	-0.112281
3104.406	-0.137423
3104.456	-0.163696
3104.506	-0.191756
3104.556	-0.202972
3104.606	-0.198029
3104.656	-0.174049
3104.706	-0.155404
3104.756	-0.128804
3104.806	-0.100481
3104.856	-0.090914
3104.906	-0.081014
3104.956	-0.084328
3105.006	-0.102652
3105.056	-0.134559
3105.106	-0.16032
3105.156	-0.176079
3105.206	-0.17659
3105.256	-0.171291
3105.306	-0.148947
3105.356	-0.1107
3105.406	-0.08702
3105.456	-0.062857
3105.506	-0.061147
3105.556	-0.059968
3105.606	-0.079529
3105.656	-0.105137
3105.706	-0.13064
3105.756	-0.154791
3105.806	-0.167244
3105.856	-0.175966
3105.906	-0.168493
3105.956	-0.150305
3106.006	-0.13338
3106.056	-0.121621
3106.106	-0.122863
3106.156	-0.142357
3106.206	-0.173662
3106.256	-0.211307
3106.306	-0.257537
3106.356	-0.289071
3106.406	-0.308168
3106.456	-0.314195
3106.507	-0.301855
3106.557	-0.270503
3106.607	-0.234159
3106.657	-0.193843
3106.707	-0.16116
3106.757	-0.143065
3106.807	-0.134227
3106.857	-0.135191
3106.907	-0.146819
3106.957	-0.155585
3107.007	-0.151447
3107.057	-0.143845
3107.107	-0.123643
3107.157	-0.099994
3107.207	-0.0577
3107.257	-0.016317
3107.307	0.015421
3107.357	0.024198
3107.407	0.021449
3107.457	-0.002803
3107.507	-0.02908
3107.557	-0.064559
3107.607	-0.091252
3107.657	-0.111088
3107.707	-0.114655
3107.757	-0.103413
3107.807	-0.086896
3107.857	-0.059497
3107.907	-0.034619
3107.957	-0.017041
3108.007	-0.008487
3108.057	-0.025979
3108.107	-0.037204
3108.157	-0.059593
3108.207	-0.079696
3108.257	-0.086779
3108.307	-0.083361
3108.357	-0.07689
3108.407	-0.0631
3108.457	-0.050038
3108.507	-0.03519
3108.557	-0.033605
3108.607	-0.036695
3108.657	-0.04912
3108.707	-0.071668
3108.757	-0.095899
3108.807	-0.114183
3108.857	-0.123151
3108.907	-0.121416
3108.957	-0.115433
3109.007	-0.107061
3109.057	-0.091618
3109.107	-0.071667
3109.157	-0.064827
3109.207	-0.066936
3109.257	-0.077705
3109.307	-0.095095
3109.357	-0.113426
3109.407	-0.130301
3109.457	-0.134318
3109.507	-0.12834
3109.557	-0.110241
3109.607	-0.092065
3109.657	-0.065536
3109.707	-0.034715
3109.757	-0.01777
3109.807	-0.021271
3109.857	-0.03269
3109.907	-0.050557
3109.957	-0.074101
3110.007	-0.102868
3110.057	-0.121643
3110.107	-0.118358
3110.157	-0.104165
3110.207	-0.081836
3110.257	-0.05944
3110.307	-0.035117
3110.357	-0.016464
3110.407	-0.014531
3110.457	-0.019441
3110.507	-0.036859
3110.557	-0.053018
3110.607	-0.070516
3110.657	-0.078033
3110.707	-0.090808
3110.757	-0.091605
3110.807	-0.076541
3110.857	-0.056025
3110.907	-0.040894
3110.957	-0.024851
3111.007	-0.019436
3111.057	-0.0288
3111.107	-0.04659
3111.157	-0.05974
3111.207	-0.080292
3111.257	-0.101917
3111.307	-0.112297
3111.357	-0.109033
3111.407	-0.093233
3111.457	-0.068509
3111.507	-0.044377
3111.557	-0.024723
3111.607	-0.011816
3111.657	-0.00359
3111.707	-0.002508
3111.757	-0.008228
3111.807	-0.021509
3111.857	-0.029397
3111.907	-0.031561
3111.957	-0.025573
3112.007	-0.009513
3112.057	0.000112
3112.107	0.021145
3112.157	0.028975
3112.207	0.037975
3112.257	0.025724
3112.307	-0.00192
3112.357	-0.03718
3112.407	-0.076478
3112.457	-0.109642
3112.507	-0.134528
3112.557	-0.146453
3112.607	-0.13979
3112.657	-0.129477
3112.707	-0.097728
3112.757	-0.067254
3112.807	-0.0468
3112.857	-0.023515
3112.907	-0.019049
3112.957	-0.021601
3113.007	-0.035258
3113.057	-0.050902
3113.107	-0.061486
3113.157	-0.06949
3113.207	-0.066539
3113.257	-0.056432
3113.307	-0.039036
3113.357	-0.024255
3113.407	-0.012038
3113.457	-0.002303
3113.507	-0.001225
3113.557	-0.017923
3113.607	-0.037689
3113.657	-0.064534
3113.707	-0.083099
3113.757	-0.096315
3113.807	-0.102991
3113.857	-0.09
3113.907	-0.070888
3113.957	-0.049987
3114.007	-0.035242
3114.057	-0.024147
3114.107	-0.025953
3114.157	-0.034453
3114.207	-0.05398
3114.257	-0.066607
3114.307	-0.084902
3114.357	-0.092506
3114.407	-0.089672
3114.457	-0.080011
3114.507	-0.065476
3114.557	-0.039481
3114.607	-0.017482
3114.657	-0.002923
3114.707	0.004425
3114.757	-0.00348
3114.807	-0.020093
3114.857	-0.046508
3114.907	-0.066322
3114.957	-0.074447
3115.007	-0.067764
3115.057	-0.05621
3115.107	-0.034686
3115.157	-0.007503
3115.207	0.022442
3115.257	0.045841
3115.307	0.042783
3115.357	0.036473
3115.407	0.015684
3115.457	-0.015255
3115.507	-0.048432
3115.557	-0.092097
3115.607	-0.123692
3115.657	-0.134853
3115.707	-0.13507
3115.757	-0.125577
3115.807	-0.108845
3115.857	-0.08759
3115.907	-0.063385
3115.957	-0.056366
3116.007	-0.064568
3116.057	-0.070173
3116.107	-0.092255
3116.157	-0.118398
3116.207	-0.136338
3116.257	-0.145968
3116.307	-0.147412
3116.357	-0.130957
3116.407	-0.114446
3116.457	-0.105127
3116.507	-0.091081
3116.557	-0.087462
3116.607	-0.091898
3116.657	-0.096366
3116.707	-0.10349
3116.757	-0.10964
3116.807	-0.121184
3116.857	-0.119189
3116.907	-0.114363
3116.957	-0.109598
3117.007	-0.092906
3117.057	-0.078729
3117.107	-0.068116
3117.157	-0.062528
3117.207	-0.070701
3117.257	-0.086883
3117.307	-0.10456
3117.357	-0.115388
3117.407	-0.121674
3117.457	-0.125515
3117.507	-0.115566
3117.557	-0.09176
3117.607	-0.069479
3117.657	-0.046512
3117.707	-0.024623
3117.757	-0.015268
3117.807	-0.015268
3117.857	-0.020105
3117.907	-0.046115
3117.957	-0.065885
3118.007	-0.083211
3118.057	-0.100391
3118.107	-0.11334
3118.157	-0.097015
3118.207	-0.084676
3118.257	-0.062034
3118.307	-0.04703
3118.357	-0.036707
3118.407	-0.026336
3118.457	-0.031356
3118.507	-0.049238
3118.557	-0.075189
3118.607	-0.096394
3118.657	-0.114442
3118.707	-0.123329
3118.757	-0.124252
3118.807	-0.123057
3118.857	-0.11215
3118.907	-0.106568
3118.957	-0.100716
3119.007	-0.107816
3119.057	-0.116056
3119.107	-0.13845
3119.157	-0.156161
3119.207	-0.175546
3119.257	-0.182403
3119.307	-0.188739
3119.357	-0.183633
3119.407	-0.174154
3119.457	-0.163504
3119.507	-0.147192
3119.557	-0.140935
3119.607	-0.140578
3119.657	-0.141334
3119.707	-0.163379
3119.757	-0.183772
3119.807	-0.192176
3119.857	-0.205801
3119.907	-0.202826
3119.957	-0.193378
3120.007	-0.182937
3120.057	-0.161299
3120.107	-0.136269
3120.157	-0.122793
3120.207	-0.115434
3120.257	-0.119142
3120.307	-0.124966
3120.357	-0.137898
3120.407	-0.150481
3120.457	-0.170099
3120.507	-0.199612
3120.557	-0.210845
3120.607	-0.21427
3120.657	-0.213729
3120.707	-0.210271
3120.757	-0.222521
3120.807	-0.231175
3120.857	-0.241007
3120.907	-0.25517
3120.957	-0.265817
3121.007	-0.264774
3121.057	-0.255313
3121.107	-0.210648
3121.157	-0.146333
3121.207	-0.060733
3121.257	0.047239
3121.307	0.17151
3121.357	0.305276
3121.407	0.446783
3121.457	0.591476
3121.507	0.714708
3121.557	0.811657
3121.607	0.874231
3121.657	0.878026
3121.707	0.809322
3121.757	0.66217
3121.807	0.448466
3121.857	0.196516
3121.907	-0.097781
3121.957	-0.411978
3122.007	-0.721844
3122.057	-1.016037
3122.107	-1.262777
3122.157	-1.45536
3122.207	-1.57481
3122.257	-1.618789
3122.307	-1.59832
3122.357	-1.52197
3122.407	-1.394176
3122.457	-1.220233
3122.507	-1.030813
3122.557	-0.807692
3122.607	-0.567268
3122.657	-0.345952
3122.707	-0.124097
3122.757	0.092494
3122.807	0.280153
3122.857	0.42103
3122.908	0.522474
3122.958	0.568903
3123.008	0.565259
3123.058	0.50905
3123.108	0.441354
3123.158	0.373356
3123.208	0.31114
3123.258	0.269604
3123.308	0.242497
3123.358	0.223396
3123.408	0.229937
3123.458	0.234428
3123.508	0.232047
3123.558	0.243106
3123.608	0.244453
3123.658	0.237099
3123.708	0.222441
3123.758	0.203562
3123.808	0.169055
3123.858	0.136976
3123.908	0.097396
3123.958	0.051715
3124.008	0.000541
3124.058	-0.054669
3124.108	-0.105906
3124.158	-0.160613
3124.208	-0.208253
3124.258	-0.261548
3124.308	-0.311537
3124.358	-0.358479
3124.408	-0.403217
3124.458	-0.441797
3124.508	-0.464455
3124.558	-0.492338
3124.608	-0.507106
3124.658	-0.506241
3124.708	-0.493578
3124.758	-0.460555
3124.808	-0.402992
3124.858	-0.336197
3124.908	-0.26272
3124.958	-0.194367
3125.008	-0.138592
3125.058	-0.091227
3125.108	-0.066484
3125.158	-0.058374
3125.208	-0.054798
3125.258	-0.053725
3125.308	-0.040694
3125.358	-0.021334
3125.408	-0.000722
3125.458	0.016694
3125.508	0.029571
3125.558	0.025448
3125.608	0.007935
3125.658	-0.030883
3125.708	-0.080086
3125.758	-0.136833
3125.808	-0.192584
3125.858	-0.248737
3125.908	-0.286883
3125.958	-0.315828
3126.008	-0.326149
3126.058	-0.328189
3126.108	-0.314062
3126.158	-0.284245
3126.208	-0.259423
3126.258	-0.234477
3126.308	-0.201054
3126.358	-0.181838
3126.408	-0.170712
3126.458	-0.16163
3126.508	-0.146951
3126.558	-0.132117
3126.608	-0.104145
3126.658	-0.066001
3126.708	-0.026243
3126.758	0.004907
3126.808	0.049256
3126.858	0.083732
3126.908	0.093689
3126.958	0.097555
3127.008	0.091216
3127.058	0.077693
3127.108	0.066526
3127.158	0.030332
3127.208	-0.013124
3127.258	-0.068222
3127.308	-0.130662
3127.358	-0.199791
3127.408	-0.270439
3127.458	-0.334686
3127.508	-0.395559
3127.558	-0.44325
3127.608	-0.465001
3127.658	-0.483205
3127.708	-0.501739
3127.758	-0.505936
3127.808	-0.489034
3127.858	-0.466093
3127.908	-0.425386
3127.958	-0.365778
3128.008	-0.306608
3128.058	-0.245074
3128.108	-0.196981
3128.158	-0.161045
3128.208	-0.153732
3128.258	-0.169814
3128.308	-0.179438
3128.358	-0.201402
3128.408	-0.216565
3128.458	-0.21204
3128.508	-0.207961
3128.558	-0.18767
3128.608	-0.150495
3128.658	-0.120875
3128.708	-0.081952
3128.758	-0.060632
3128.808	-0.054884
3128.858	-0.074163
3128.908	-0.103155
3128.958	-0.150634
3129.008	-0.199344
3129.058	-0.24302
3129.108	-0.278465
3129.158	-0.298806
3129.208	-0.297184
3129.258	-0.280911
3129.308	-0.241414
3129.358	-0.194254
3129.408	-0.161423
3129.458	-0.121852
3129.508	-0.093593
3129.558	-0.073876
3129.608	-0.068452
3129.658	-0.067854
3129.708	-0.078178
3129.758	-0.077795
3129.808	-0.087701
3129.858	-0.106642
3129.908	-0.131563
3129.958	-0.161694
3130.008	-0.197811
3130.058	-0.246522
3130.108	-0.293024
3130.158	-0.346105
3130.208	-0.393985
3130.258	-0.420987
3130.308	-0.438448
3130.358	-0.448086
3130.408	-0.426595
3130.458	-0.397103
3130.508	-0.359457
3130.558	-0.325297
3130.608	-0.307793
3130.658	-0.30659
3130.708	-0.318078
3130.758	-0.340615
3130.808	-0.372242
3130.858	-0.408159
3130.908	-0.441806
3130.958	-0.465874
3131.008	-0.478943
3131.058	-0.477897
3131.108	-0.464088
3131.158	-0.431033
3131.208	-0.388438
3131.258	-0.339673
3131.308	-0.281292
3131.358	-0.228807
3131.408	-0.173443
3131.458	-0.115358
3131.508	-0.08416
3131.558	-0.076602
3131.608	-0.075433
3131.658	-0.096178
3131.708	-0.132646
3131.758	-0.171347
3131.808	-0.206424
3131.858	-0.237086
3131.908	-0.264605
3131.958	-0.280493
3132.008	-0.292199
3132.058	-0.306025
3132.108	-0.29615
3132.158	-0.273307
3132.208	-0.250333
3132.258	-0.230247
3132.308	-0.205383
3132.358	-0.198639
3132.408	-0.211237
3132.458	-0.235195
3132.508	-0.274009
3132.558	-0.311678
3132.608	-0.349104
3132.658	-0.366821
3132.708	-0.367522
3132.758	-0.347362
3132.808	-0.309243
3132.858	-0.258152
3132.908	-0.199152
3132.958	-0.14881
3133.008	-0.119428
3133.058	-0.101996
3133.108	-0.094628
3133.158	-0.10391
3133.208	-0.125575
3133.258	-0.153948
3133.308	-0.1923
3133.358	-0.214829
3133.408	-0.231014
3133.458	-0.236108
3133.508	-0.223107
3133.558	-0.218599
3133.608	-0.2065
3133.658	-0.19322
3133.708	-0.195417
3133.758	-0.202137
3133.808	-0.216438
3133.858	-0.235655
3133.908	-0.249934
3133.958	-0.254206
3134.008	-0.255914
3134.058	-0.250926
3134.108	-0.232837
3134.158	-0.223521
3134.208	-0.218185
3134.258	-0.22015
3134.308	-0.225229
3134.358	-0.24239
3134.408	-0.253692
3134.458	-0.255721
3134.508	-0.260998
3134.558	-0.246941
3134.608	-0.219748
3134.658	-0.18321
3134.708	-0.130153
3134.758	-0.084187
3134.808	-0.046881
3134.858	-0.01303
3134.908	-0.007627
3134.958	-0.024014
3135.008	-0.059987
3135.058	-0.116178
3135.108	-0.170843
3135.158	-0.215529
3135.208	-0.249763
3135.258	-0.274136
3135.308	-0.278855
3135.358	-0.247895
3135.408	-0.217144
3135.458	-0.179144
3135.508	-0.135848
3135.558	-0.104774
3135.608	-0.091721
3135.658	-0.102962
3135.708	-0.120506
3135.758	-0.150286
3135.808	-0.181747
3135.858	-0.204223
3135.908	-0.212099
3135.958	-0.195921
3136.008	-0.174105
3136.058	-0.144678
3136.108	-0.11852
3136.158	-0.096882
3136.208	-0.096395
3136.258	-0.111911
3136.308	-0.136596
3136.358	-0.168929
3136.408	-0.202541
3136.458	-0.224942
3136.508	-0.234266
3136.558	-0.232008
3136.608	-0.220198
3136.658	-0.191988
3136.708	-0.164273
3136.758	-0.14149
3136.808	-0.115263
3136.858	-0.100912
3136.908	-0.07806
3136.958	-0.067275
3137.008	-0.050068
3137.058	-0.035952
3137.108	-0.016357
3137.158	0.003456
3137.208	0.0139
3137.258	0.021679
3137.308	0.002392
3137.358	-0.03746
3137.408	-0.096299
3137.458	-0.172429
3137.508	-0.2683
3137.558	-0.372795
3137.608	-0.455572
3137.658	-0.525319
3137.708	-0.558766
3137.758	-0.551322
3137.808	-0.510157
3137.858	-0.439884
3137.908	-0.346865
3137.958	-0.24861
3138.008	-0.15276
3138.058	-0.063837
3138.108	0.006053
3138.158	0.067299
3138.208	0.104858
3138.258	0.125618
3138.308	0.145618
3138.358	0.153466
3138.408	0.15035
3138.458	0.136505
3138.508	0.118513
3138.558	0.081106
3138.608	0.038165
3138.658	-0.030661
3138.708	-0.114426
3138.758	-0.186134
3138.808	-0.257388
3138.858	-0.309633
3138.908	-0.353498
3138.958	-0.377961
3139.008	-0.385476
3139.058	-0.373826
3139.108	-0.357746
3139.158	-0.339469
3139.208	-0.320295
3139.258	-0.32059
3139.309	-0.321816
3139.359	-0.32519
3139.409	-0.326104
3139.459	-0.313343
3139.509	-0.301894
3139.559	-0.276759
3139.609	-0.244414
3139.659	-0.200232
3139.709	-0.156248
3139.759	-0.109635
3139.809	-0.075186
3139.859	-0.062182
3139.909	-0.063683
3139.959	-0.06993
3140.009	-0.086708
3140.059	-0.11589
3140.109	-0.138003
3140.159	-0.150196
3140.209	-0.163353
3140.259	-0.166062
3140.309	-0.172338
3140.359	-0.176577
3140.409	-0.180231
3140.459	-0.174857
3140.509	-0.172978
3140.559	-0.177061
3140.609	-0.178105
3140.659	-0.191806
3140.709	-0.196054
3140.759	-0.189287
3140.809	-0.180073
3140.859	-0.172521
3140.909	-0.171192
3140.959	-0.160887
3141.009	-0.165312
3141.059	-0.162951
3141.109	-0.175506
3141.159	-0.195482
3141.209	-0.223132
3141.259	-0.246355
3141.309	-0.271322
3141.359	-0.280049
3141.409	-0.288043
3141.459	-0.284993
3141.509	-0.274902
3141.559	-0.255284
3141.609	-0.233769
3141.659	-0.211298
3141.709	-0.206872
3141.759	-0.208622
3141.809	-0.217017
3141.859	-0.228002
3141.909	-0.246674
3141.959	-0.251722
3142.009	-0.246959
3142.059	-0.24014
3142.109	-0.228169
3142.159	-0.210408
3142.209	-0.187131
3142.259	-0.167438
3142.309	-0.141205
3142.359	-0.125316
3142.409	-0.127501
3142.459	-0.133725
3142.509	-0.135265
3142.559	-0.137999
3142.609	-0.152007
3142.659	-0.155599
3142.709	-0.148222
3142.759	-0.136194
3142.809	-0.125955
3142.859	-0.129083
3142.909	-0.146146
3142.959	-0.169002
3143.009	-0.20378
3143.059	-0.247473
3143.109	-0.287198
3143.159	-0.322828
3143.209	-0.349631
3143.259	-0.349096
3143.309	-0.335434
3143.359	-0.311891
3143.409	-0.273437
3143.459	-0.226151
3143.509	-0.179233
3143.559	-0.141825
3143.609	-0.121107
3143.659	-0.099635
3143.709	-0.088624
3143.759	-0.078466
3143.809	-0.075509
3143.859	-0.07246
3143.909	-0.07821
3143.959	-0.07798
3144.009	-0.089495
3144.059	-0.097654
3144.109	-0.115049
3144.159	-0.134023
3144.209	-0.15582
3144.259	-0.165155
3144.309	-0.170132
3144.359	-0.171498
3144.409	-0.163073
3144.459	-0.147508
3144.509	-0.139735
3144.559	-0.13071
3144.609	-0.140676
3144.659	-0.146547
3144.709	-0.162713
3144.759	-0.188905
3144.809	-0.213734
3144.859	-0.236678
3144.909	-0.262237
3144.959	-0.27287
3145.009	-0.25859
3145.059	-0.256167
3145.109	-0.239905
3145.159	-0.216266
3145.209	-0.191006
3145.259	-0.177477
3145.309	-0.165384
3145.359	-0.165741
3145.409	-0.174685
3145.459	-0.183957
3145.509	-0.200973
3145.559	-0.220486
3145.609	-0.234933
3145.659	-0.236561
3145.709	-0.23643
3145.759	-0.226023
3145.809	-0.213314
3145.859	-0.195729
3145.909	-0.172292
3145.959	-0.165453
3146.009	-0.154287
3146.059	-0.144488
3146.109	-0.147514
3146.159	-0.158875
3146.209	-0.157633
3146.259	-0.163794
3146.309	-0.180826
3146.359	-0.173985
3146.409	-0.162437
3146.459	-0.158697
3146.509	-0.154918
3146.559	-0.149566
3146.609	-0.153765
3146.659	-0.152235
3146.709	-0.14719
3146.759	-0.145715
3146.809	-0.138663
3146.859	-0.119778
3146.909	-0.079966
3146.959	-0.053338
3147.009	-0.026066
3147.059	0.002305
3147.109	0.026689
3147.159	0.027095
3147.209	0.017772
3147.259	-0.007567
3147.309	-0.029397
3147.359	-0.062924
3147.409	-0.093663
3147.459	-0.117279
3147.509	-0.124979
3147.559	-0.12155
3147.609	-0.121085
3147.659	-0.107736
3147.709	-0.095864
3147.759	-0.092802
3147.809	-0.0971
3147.859	-0.097305
3147.909	-0.105496
3147.959	-0.120087
3148.009	-0.129347
3148.059	-0.133371
3148.109	-0.133555
3148.159	-0.126353
3148.209	-0.115502
3148.259	-0.113146
3148.309	-0.121643
3148.359	-0.131081
3148.409	-0.154728
3148.459	-0.172686
3148.509	-0.196478
3148.559	-0.209181
3148.609	-0.20025
3148.659	-0.159084
3148.709	-0.099953
3148.759	-0.022164
3148.809	0.06939
3148.859	0.1517
3148.909	0.217997
3148.959	0.245001
3149.009	0.229753
3149.059	0.164473
3149.109	0.057367
3149.159	-0.081337
3149.209	-0.224286
3149.259	-0.356379
3149.309	-0.459212
3149.359	-0.498761
3149.409	-0.480698
3149.459	-0.420389
3149.509	-0.323884
3149.559	-0.208037
3149.609	-0.096964
3149.659	-0.013121
3149.709	0.031348
3149.759	0.022543
3149.809	-0.035077
3149.859	-0.123574
3149.909	-0.22896
3149.959	-0.324836
3150.009	-0.39838
3150.059	-0.421095
3150.109	-0.389916
3150.159	-0.318998
3150.209	-0.218334
3150.259	-0.113205
3150.309	-0.007878
3150.359	0.074919
3150.409	0.126073
3150.459	0.127348
3150.509	0.10154
3150.559	0.060724
3150.609	0.011044
3150.659	-0.036916
3150.709	-0.076654
3150.759	-0.095063
3150.809	-0.09816
3150.859	-0.088397
3150.909	-0.062929
3150.959	-0.037559
3151.009	-0.019168
3151.059	-0.012564
3151.109	-0.008732
3151.159	-0.017448
3151.209	-0.02967
3151.259	-0.05236
3151.309	-0.067193
3151.359	-0.072857
3151.409	-0.074266
3151.459	-0.060715
3151.509	-0.03029
3151.559	0.006396
3151.609	0.052551
3151.659	0.098624
3151.709	0.14086
3151.759	0.175364
3151.809	0.194671
3151.859	0.187718
3151.909	0.162718
3151.959	0.11044
3152.009	0.030226
3152.059	-0.054602
3152.109	-0.153086
3152.159	-0.249688
3152.209	-0.324096
3152.259	-0.368579
3152.309	-0.369596
3152.359	-0.332987
3152.409	-0.268823
3152.459	-0.191235
3152.509	-0.107293
3152.559	-0.026745
3152.609	0.026036
3152.659	0.0478
3152.709	0.026516
3152.759	-0.015208
3152.809	-0.082804
3152.859	-0.16069
3152.909	-0.241529
3152.959	-0.308591
3153.009	-0.363996
3153.059	-0.393766
3153.109	-0.393487
3153.159	-0.374894
3153.209	-0.345178
3153.259	-0.313109
3153.309	-0.277611
3153.359	-0.241154
3153.409	-0.197977
3153.459	-0.159438
3153.509	-0.122128
3153.559	-0.075761
3153.609	-0.026155
3153.659	0.018702
3153.709	0.057268
3153.759	0.089989
3153.809	0.119029
3153.859	0.12797
3153.909	0.125096
3153.959	0.117163
3154.009	0.102976
3154.059	0.097639
3154.109	0.084512
3154.159	0.069184
3154.209	0.061183
3154.259	0.041012
3154.309	0.011948
3154.359	-0.025955
3154.409	-0.073818
3154.459	-0.129081
3154.509	-0.188897
3154.559	-0.250372
3154.609	-0.302098
3154.659	-0.340125
3154.709	-0.367111
3154.759	-0.39051
3154.809	-0.393183
3154.859	-0.386236
3154.909	-0.375699
3154.959	-0.36212
3155.009	-0.345242
3155.059	-0.321163
3155.109	-0.296077
3155.159	-0.260288
3155.209	-0.22452
3155.259	-0.179796
3155.309	-0.133862
3155.359	-0.080812
3155.409	-0.032562
3155.459	0.00716
3155.509	0.040194
3155.559	0.062249
3155.609	0.075076
3155.66	0.079133
3155.71	0.077774
3155.76	0.063964
3155.81	0.044421
3155.86	0.021707
3155.91	0.00765
3155.96	-0.014693
3156.01	-0.031417
3156.06	-0.044679
3156.11	-0.059075
3156.16	-0.063947
3156.21	-0.07062
3156.26	-0.080368
3156.31	-0.092343
3156.36	-0.114428
3156.41	-0.136773
3156.46	-0.17822
3156.51	-0.207049
3156.56	-0.235115
3156.61	-0.261444
3156.66	-0.273287
3156.71	-0.266248
3156.76	-0.255984
3156.81	-0.239195
3156.86	-0.21215
3156.91	-0.194653
3156.96	-0.179936
3157.01	-0.166049
3157.06	-0.174711
3157.11	-0.184941
3157.16	-0.193238
3157.21	-0.209948
3157.26	-0.226673
3157.31	-0.239318
3157.36	-0.233205
3157.41	-0.222249
3157.46	-0.208149
3157.51	-0.190831
3157.56	-0.167544
3157.61	-0.160362
3157.66	-0.144294
3157.71	-0.136346
3157.76	-0.129241
3157.81	-0.11593
3157.86	-0.104998
3157.91	-0.092217
3157.96	-0.083807
3158.01	-0.076542
3158.06	-0.059613
3158.11	-0.03977
3158.16	-0.031128
3158.21	-0.027785
3158.26	-0.017432
3158.31	-0.00386
3158.36	-0.005426
3158.41	-0.017717
3158.46	-0.043865
3158.51	-0.081101
3158.56	-0.124118
3158.61	-0.170715
3158.66	-0.213247
3158.71	-0.241696
3158.76	-0.264969
3158.81	-0.273045
3158.86	-0.26526
3158.91	-0.236454
3158.96	-0.19912
3159.01	-0.168501
3159.06	-0.128554
3159.11	-0.094609
3159.16	-0.068782
3159.21	-0.05168
3159.26	-0.046831
3159.31	-0.051844
3159.36	-0.066962
3159.41	-0.071897
3159.46	-0.073315
3159.51	-0.07751
3159.56	-0.076941
3159.61	-0.07424
3159.66	-0.078426
3159.71	-0.077049
3159.76	-0.072738
3159.81	-0.059527
3159.86	-0.053476
3159.91	-0.044991
3159.96	-0.039778
3160.01	-0.04173
3160.06	-0.038054
3160.11	-0.038018
3160.16	-0.038386
3160.21	-0.03792
3160.26	-0.047111
3160.31	-0.052113
3160.36	-0.064412
3160.41	-0.090315
3160.46	-0.114569
3160.51	-0.129728
3160.56	-0.147692
3160.61	-0.162666
3160.66	-0.173096
3160.71	-0.172425
3160.76	-0.168072
3160.81	-0.157238
3160.86	-0.133337
3160.91	-0.110182
3160.96	-0.094679
3161.01	-0.092001
3161.06	-0.080368
3161.11	-0.082955
3161.16	-0.092043
3161.21	-0.109162
3161.26	-0.129364
3161.31	-0.143668
3161.36	-0.156299
3161.41	-0.162379
3161.46	-0.157115
3161.51	-0.146621
3161.56	-0.140732
3161.61	-0.12779
3161.66	-0.113057
3161.71	-0.10801
3161.76	-0.103393
3161.81	-0.112556
3161.86	-0.12706
3161.91	-0.136612
3161.96	-0.140335
3162.01	-0.151289
3162.06	-0.15459
3162.11	-0.149775
3162.16	-0.138282
3162.21	-0.124167
3162.26	-0.112737
3162.31	-0.106643
3162.36	-0.094464
3162.41	-0.087869
3162.46	-0.081739
3162.51	-0.086693
3162.56	-0.094639
3162.61	-0.089867
3162.66	-0.089295
3162.71	-0.093128
3162.76	-0.09279
3162.81	-0.094102
3162.86	-0.1006
3162.91	-0.105027
3162.96	-0.111709
3163.01	-0.12266
3163.06	-0.136217
3163.11	-0.146367
3163.16	-0.154001
3163.21	-0.162013
3163.26	-0.153423
3163.31	-0.145346
3163.36	-0.134299
3163.41	-0.128172
3163.46	-0.11465
3163.51	-0.105699
3163.56	-0.100695
3163.61	-0.094559
3163.66	-0.095565
3163.71	-0.104318
3163.76	-0.117305
3163.81	-0.131658
3163.86	-0.142386
3163.91	-0.154062
3163.96	-0.163294
3164.01	-0.175242
3164.06	-0.193187
3164.11	-0.199911
3164.16	-0.197741
3164.21	-0.191116
3164.26	-0.179047
3164.31	-0.170894
3164.36	-0.160305
3164.41	-0.150977
3164.46	-0.131714
3164.51	-0.117733
3164.56	-0.120328
3164.61	-0.129164
3164.66	-0.135048
3164.71	-0.156417
3164.76	-0.195372
3164.81	-0.236473
3164.86	-0.269883
3164.91	-0.289698
3164.96	-0.31066
3165.01	-0.313208
3165.06	-0.298627
3165.11	-0.279347
3165.16	-0.252354
3165.21	-0.22583
3165.26	-0.201541
3165.31	-0.188909
3165.36	-0.185684
3165.41	-0.208547
3165.46	-0.243546
3165.51	-0.28028
3165.56	-0.320563
3165.61	-0.353965
3165.66	-0.362198
3165.71	-0.35151
3165.76	-0.331778
3165.81	-0.294241
3165.86	-0.240647
3165.91	-0.1964
3165.96	-0.159709
3166.01	-0.13211
3166.06	-0.127724
3166.11	-0.143727
3166.16	-0.159862
3166.21	-0.193029
3166.26	-0.228605
3166.31	-0.257738
3166.36	-0.280657
3166.41	-0.286361
3166.46	-0.283019
3166.51	-0.276412
3166.56	-0.268206
3166.61	-0.267817
3166.66	-0.278605
3166.71	-0.295758
3166.76	-0.330334
3166.81	-0.353323
3166.86	-0.377411
3166.91	-0.401193
3166.96	-0.409576
3167.01	-0.402335
3167.06	-0.382706
3167.11	-0.347911
3167.16	-0.291214
3167.21	-0.225178
3167.26	-0.159514
3167.31	-0.096045
3167.36	-0.041528
3167.41	-0.012302
3167.46	-0.008731
3167.51	-0.024774
3167.56	-0.054538
3167.61	-0.102004
3167.66	-0.151822
3167.71	-0.196807
3167.76	-0.245646
3167.81	-0.280481
3167.86	-0.306854
3167.91	-0.311565
3167.96	-0.312346
3168.01	-0.303263
3168.06	-0.289022
3168.11	-0.270781
3168.16	-0.264569
3168.21	-0.279232
3168.26	-0.287655
3168.31	-0.29732
3168.36	-0.31995
3168.41	-0.329622
3168.46	-0.337762
3168.51	-0.34324
3168.56	-0.340673
3168.61	-0.33506
3168.66	-0.328071
3168.71	-0.321127
3168.76	-0.31191
3168.81	-0.30158
3168.86	-0.298116
3168.91	-0.286396
3168.96	-0.273038
3169.01	-0.260762
3169.06	-0.24291
3169.11	-0.21456
3169.16	-0.195328
3169.21	-0.173997
3169.26	-0.16112
3169.31	-0.155029
3169.36	-0.151745
3169.41	-0.15748
3169.46	-0.17622
3169.51	-0.19464
3169.56	-0.208179
3169.61	-0.217351
3169.66	-0.224095
3169.71	-0.234654
3169.76	-0.245067
3169.81	-0.255661
3169.86	-0.263539
3169.91	-0.285134
3169.96	-0.312921
3170.01	-0.329363
3170.06	-0.348301
3170.11	-0.360923
3170.16	-0.376807
3170.21	-0.384494
3170.26	-0.388446
3170.31	-0.386632
3170.36	-0.383824
3170.41	-0.370146
3170.46	-0.367067
3170.51	-0.360979
3170.56	-0.354368
3170.61	-0.349611
3170.66	-0.342506
3170.71	-0.349468
3170.76	-0.344513
3170.81	-0.333256
3170.86	-0.311916
3170.91	-0.291758
3170.96	-0.268657
3171.01	-0.232808
3171.06	-0.199365
3171.11	-0.173803
3171.16	-0.161953
3171.21	-0.149328
3171.26	-0.142756
3171.31	-0.146176
3171.36	-0.153248
3171.41	-0.165701
3171.46	-0.176522
3171.51	-0.183378
3171.56	-0.184602
3171.61	-0.185665
3171.66	-0.184176
3171.71	-0.180942
3171.76	-0.183088
3171.81	-0.171568
3171.86	-0.178623
3171.91	-0.179294
3171.96	-0.180136
3172.01	-0.189835
3172.061	-0.198831
3172.111	-0.212463
3172.161	-0.21297
3172.211	-0.218064
3172.261	-0.215449
3172.311	-0.207105
3172.361	-0.204418
3172.411	-0.200484
3172.461	-0.203886
3172.511	-0.215016
3172.561	-0.224598
3172.611	-0.233966
3172.661	-0.239691
3172.711	-0.24078
3172.761	-0.246562
3172.811	-0.248462
3172.861	-0.238915
3172.911	-0.221909
3172.961	-0.204046
3173.011	-0.193642
3173.061	-0.183285
3173.111	-0.164659
3173.161	-0.158318
3173.211	-0.155557
3173.261	-0.157538
3173.311	-0.159271
3173.361	-0.170656
3173.411	-0.187857
3173.461	-0.201586
3173.511	-0.214168
3173.561	-0.222603
3173.611	-0.224913
3173.661	-0.22685
3173.711	-0.217891
3173.761	-0.197675
3173.811	-0.184926
3173.861	-0.169728
3173.911	-0.150996
3173.961	-0.139346
3174.011	-0.130961
3174.061	-0.12842
3174.111	-0.137426
3174.161	-0.151566
3174.211	-0.166727
3174.261	-0.188678
3174.311	-0.2204
3174.361	-0.251705
3174.411	-0.282851
3174.461	-0.306258
3174.511	-0.31818
3174.561	-0.327343
3174.611	-0.32909
3174.661	-0.316586
3174.711	-0.305015
3174.761	-0.299179
3174.811	-0.280724
3174.861	-0.264749
3174.911	-0.256945
3174.961	-0.253856
3175.011	-0.25476
3175.061	-0.257293
3175.111	-0.263821
3175.161	-0.268813
3175.211	-0.263634
3175.261	-0.269619
3175.311	-0.26655
3175.361	-0.2666
3175.411	-0.273648
3175.461	-0.267407
3175.511	-0.2563
3175.561	-0.246413
3175.611	-0.239192
3175.661	-0.230664
3175.711	-0.220998
3175.761	-0.218678
3175.811	-0.210799
3175.861	-0.207802
3175.911	-0.211899
3175.961	-0.220566
3176.011	-0.225351
3176.061	-0.241766
3176.111	-0.251491
3176.161	-0.265647
3176.211	-0.269921
3176.261	-0.278217
3176.311	-0.286785
3176.361	-0.283116
3176.411	-0.271803
3176.461	-0.262583
3176.511	-0.248722
3176.561	-0.229914
3176.611	-0.206431
3176.661	-0.183764
3176.711	-0.174383
3176.761	-0.161078
3176.811	-0.149528
3176.861	-0.145589
3176.911	-0.151938
3176.961	-0.158398
3177.011	-0.165587
3177.061	-0.169543
3177.111	-0.176536
3177.161	-0.179313
3177.211	-0.178138
3177.261	-0.175553
3177.311	-0.172075
3177.361	-0.168698
3177.411	-0.173361
3177.461	-0.186176
3177.511	-0.188506
3177.561	-0.187951
3177.611	-0.198261
3177.661	-0.2155
3177.711	-0.222892
3177.761	-0.218276
3177.811	-0.216983
3177.861	-0.219096
3177.911	-0.228997
3177.961	-0.232508
3178.011	-0.23418
3178.061	-0.240982
3178.111	-0.2374
3178.161	-0.232777
3178.211	-0.234432
3178.261	-0.236853
3178.311	-0.236539
3178.361	-0.240289
3178.411	-0.243717
3178.461	-0.244583
3178.511	-0.245547
3178.561	-0.260709
3178.611	-0.267044
3178.661	-0.281311
3178.711	-0.286838
3178.761	-0.287082
3178.811	-0.290206
3178.861	-0.291434
3178.911	-0.29348
3178.961	-0.291702
3179.011	-0.284546
3179.061	-0.275263
3179.111	-0.263764
3179.161	-0.254293
3179.211	-0.255221
3179.261	-0.257194
3179.311	-0.256806
3179.361	-0.263341
3179.411	-0.267065
3179.461	-0.260067
3179.511	-0.258837
3179.561	-0.255918
3179.611	-0.254338
3179.661	-0.244027
3179.711	-0.232577
3179.761	-0.223359
3179.811	-0.207506
3179.861	-0.190379
3179.911	-0.181312
3179.961	-0.174769
3180.011	-0.152541
3180.061	-0.132097
3180.111	-0.119978
3180.161	-0.113599
3180.211	-0.098736
3180.261	-0.094709
3180.311	-0.095599
3180.361	-0.099493
3180.411	-0.107213
3180.461	-0.120788
3180.511	-0.139371
3180.561	-0.151067
3180.611	-0.173668
3180.661	-0.190815
3180.711	-0.199652
3180.761	-0.218446
3180.811	-0.240176
3180.861	-0.260442
3180.911	-0.276151
3180.961	-0.291603
3181.011	-0.299247
3181.061	-0.318757
3181.111	-0.329212
3181.161	-0.341217
3181.211	-0.343514
3181.261	-0.341401
3181.311	-0.322836
3181.361	-0.312356
3181.411	-0.295577
3181.461	-0.279444
3181.511	-0.266429
3181.561	-0.253816
3181.611	-0.236762
3181.661	-0.220335
3181.711	-0.221423
3181.761	-0.213939
3181.811	-0.211337
3181.861	-0.215528
3181.911	-0.213956
3181.961	-0.210099
3182.011	-0.210339
3182.061	-0.204664
3182.111	-0.195773
3182.161	-0.188973
3182.211	-0.184339
3182.261	-0.187389
3182.311	-0.200475
3182.361	-0.216128
3182.411	-0.232113
3182.461	-0.243458
3182.511	-0.250908
3182.561	-0.258637
3182.611	-0.270871
3182.661	-0.264016
3182.711	-0.251967
3182.761	-0.232934
3182.811	-0.209044
3182.861	-0.190942
3182.911	-0.167741
3182.961	-0.149089
3183.011	-0.137484
3183.061	-0.134646
3183.111	-0.13094
3183.161	-0.129464
3183.211	-0.139018
3183.261	-0.149443
3183.311	-0.157881
3183.361	-0.160797
3183.411	-0.164499
3183.461	-0.157813
3183.511	-0.148738
3183.561	-0.140814
3183.611	-0.131993
3183.661	-0.11784
3183.711	-0.111523
3183.761	-0.11428
3183.811	-0.11275
3183.861	-0.120852
3183.911	-0.134587
3183.961	-0.158176
3184.011	-0.176945
3184.061	-0.196321
3184.111	-0.208039
3184.161	-0.221617
3184.211	-0.234945
3184.261	-0.234322
3184.311	-0.232065
3184.361	-0.229053
3184.411	-0.220137
3184.461	-0.19691
3184.511	-0.17454
3184.561	-0.149157
3184.611	-0.122418
3184.661	-0.102648
3184.711	-0.079158
3184.761	-0.055337
3184.811	-0.053652
3184.861	-0.054336
3184.911	-0.061732
3184.961	-0.075934
3185.011	-0.092322
3185.061	-0.113713
3185.111	-0.142579
3185.161	-0.17469
3185.211	-0.196642
3185.261	-0.20389
3185.311	-0.211006
3185.361	-0.209013
3185.411	-0.209672
3185.461	-0.19937
3185.511	-0.188861
3185.561	-0.186493
3185.611	-0.198577
3185.661	-0.210411
3185.711	-0.221909
3185.761	-0.245205
3185.811	-0.255464
3185.861	-0.265385
3185.911	-0.269756
3185.961	-0.268768
3186.011	-0.260961
3186.061	-0.24326
3186.111	-0.213535
3186.161	-0.191098
3186.211	-0.175242
3186.261	-0.153872
3186.311	-0.127086
3186.361	-0.111989
3186.411	-0.09942
3186.461	-0.076422
3186.511	-0.055972
3186.561	-0.038622
3186.611	-0.024625
3186.661	-0.02386
3186.711	-0.025438
3186.761	-0.037456
3186.811	-0.049542
3186.861	-0.05902
3186.911	-0.079581
3186.961	-0.092938
3187.011	-0.119481
3187.061	-0.147993
3187.111	-0.168929
3187.161	-0.172669
3187.211	-0.174463
3187.261	-0.16389
3187.311	-0.156454
3187.361	-0.14701
3187.411	-0.139784
3187.461	-0.124546
3187.511	-0.118427
3187.561	-0.129709
3187.611	-0.137929
3187.661	-0.153554
3187.711	-0.152875
3187.761	-0.157877
3187.811	-0.168634
3187.861	-0.177423
3187.911	-0.182733
3187.961	-0.180545
3188.011	-0.174826
3188.061	-0.172591
3188.111	-0.163562
3188.161	-0.161656
3188.211	-0.160261
3188.261	-0.161143
3188.311	-0.15951
3188.361	-0.158741
3188.411	-0.157053
3188.462	-0.149324
3188.512	-0.13991
3188.562	-0.128995
3188.612	-0.108937
3188.662	-0.087753
3188.712	-0.07402
3188.762	-0.064264
3188.812	-0.056276
3188.862	-0.054956
3188.912	-0.048523
3188.962	-0.044961
3189.012	-0.05246
3189.062	-0.076664
3189.112	-0.081957
3189.162	-0.07871
3189.212	-0.084406
3189.262	-0.087414
3189.312	-0.089431
3189.362	-0.081322
3189.412	-0.06629
3189.462	-0.057491
3189.512	-0.038685
3189.562	-0.018687
3189.612	-0.001375
3189.662	0.006579
3189.712	0.016982
3189.762	0.016397
3189.812	0.005958
3189.862	-0.015672
3189.912	-0.033257
3189.962	-0.057783
3190.012	-0.07994
3190.062	-0.098401
3190.112	-0.108417
3190.162	-0.109595
3190.212	-0.104944
3190.262	-0.104817
3190.312	-0.097833
3190.362	-0.091231
3190.412	-0.085664
3190.462	-0.081675
3190.512	-0.091064
3190.562	-0.105935
3190.612	-0.12626
3190.662	-0.143437
3190.712	-0.166464
3190.762	-0.171792
3190.812	-0.182792
3190.862	-0.190618
3190.912	-0.198196
3190.962	-0.195172
3191.012	-0.191553
3191.062	-0.19838
3191.112	-0.194977
3191.162	-0.186617
3191.212	-0.178243
3191.262	-0.172953
3191.312	-0.187908
3191.362	-0.190838
3191.412	-0.181153
3191.462	-0.180876
3191.512	-0.181022
3191.562	-0.179902
3191.612	-0.178975
3191.662	-0.170225
3191.712	-0.162721
3191.762	-0.151077
3191.812	-0.13597
3191.862	-0.118423
3191.912	-0.110831
3191.962	-0.104496
3192.012	-0.099561
3192.062	-0.088228
3192.112	-0.082595
3192.162	-0.074058
3192.212	-0.06473
3192.262	-0.056135
3192.312	-0.057449
3192.362	-0.05584
3192.412	-0.050092
3192.462	-0.046719
3192.512	-0.045547
3192.562	-0.047364
3192.612	-0.045456
3192.662	-0.047587
3192.712	-0.049413
3192.762	-0.04138
3192.812	-0.041452
3192.862	-0.041118
3192.912	-0.043267
3192.962	-0.042662
3193.012	-0.047786
3193.062	-0.048194
3193.112	-0.042564
3193.162	-0.033122
3193.212	-0.033355
3193.262	-0.029029
3193.312	-0.02227
3193.362	-0.024247
3193.412	-0.025007
3193.462	-0.020273
3193.512	-0.023909
3193.562	-0.029032
3193.612	-0.035362
3193.662	-0.050656
3193.712	-0.059346
3193.762	-0.071576
3193.812	-0.083257
3193.862	-0.095126
3193.912	-0.108899
3193.962	-0.119391
3194.012	-0.120075
3194.062	-0.123313
3194.112	-0.118555
3194.162	-0.116239
3194.212	-0.118596
3194.262	-0.110126
3194.312	-0.117612
3194.362	-0.123349
3194.412	-0.13487
3194.462	-0.140854
3194.512	-0.148818
3194.562	-0.154045
3194.612	-0.159558
3194.662	-0.167268
3194.712	-0.173512
3194.762	-0.173983
3194.812	-0.176119
3194.862	-0.173743
3194.912	-0.173752
3194.962	-0.171425
3195.012	-0.172717
3195.062	-0.168389
3195.112	-0.160346
3195.162	-0.160956
3195.212	-0.167938
3195.262	-0.165897
3195.312	-0.168887
3195.362	-0.173535
3195.412	-0.177274
3195.462	-0.185922
3195.512	-0.192358
3195.562	-0.20565
3195.612	-0.217777
3195.662	-0.218633
3195.712	-0.213924
3195.762	-0.21325
3195.812	-0.207747
3195.862	-0.193466
3195.912	-0.183534
3195.962	-0.174215
3196.012	-0.162463
3196.062	-0.143733
3196.112	-0.13118
3196.162	-0.124351
3196.212	-0.115502
3196.262	-0.102574
3196.312	-0.089392
3196.362	-0.070825
3196.412	-0.052274
3196.462	-0.032267
3196.512	-0.014681
3196.562	0.008679
3196.612	0.028923
3196.662	0.039441
3196.712	0.055334
3196.762	0.066804
3196.812	0.078133
3196.862	0.089323
3196.912	0.101928
3196.962	0.109854
3197.012	0.111631
3197.062	0.109663
3197.112	0.107822
3197.162	0.101835
3197.212	0.09769
3197.262	0.071627
3197.312	0.055815
3197.362	0.038467
3197.412	0.025969
3197.462	0.016593
3197.512	0.003395
3197.562	-0.004659
3197.612	-0.010229
3197.662	-0.012146
3197.712	-0.012813
3197.762	-0.013513
3197.812	-0.0129
3197.862	-0.019266
3197.912	-0.023605
3197.962	-0.030669
3198.012	-0.035265
3198.062	-0.036667
3198.112	-0.046295
3198.162	-0.045979
3198.212	-0.036001
3198.262	-0.033238
3198.312	-0.027477
3198.362	-0.02679
3198.412	-0.02518
3198.462	-0.031251
3198.512	-0.036665
3198.562	-0.041563
3198.612	-0.061066
3198.662	-0.078075
3198.712	-0.099939
3198.762	-0.120358
3198.812	-0.130112
3198.862	-0.131399
3198.912	-0.133731
3198.962	-0.13578
3199.012	-0.130773
3199.062	-0.109053
3199.112	-0.086112
3199.162	-0.070062
3199.212	-0.040804
3199.262	-0.012654
3199.312	0.007487
3199.362	0.030936
3199.412	0.042506
3199.462	0.051439
3199.512	0.059058
3199.562	0.049073
3199.612	0.027512
3199.662	0.003493
3199.712	-0.027203
3199.762	-0.054576
3199.812	-0.089641
3199.862	-0.114312
3199.912	-0.128994
3199.962	-0.144985
3200.012	-0.144121