3000.	-0.01028
3000.05	-0.004593
3000.1	-0.009763
3000.15	-0.00495
3000.2	0.002894
3000.25	0.005371
3000.3	-0.007439
3000.35	0.002477
3000.4	-0.002238
3000.45	-0.011599
3000.5	-0.007506
3000.55	0.002825
3000.6	0.01433
3000.65	0.014726
3000.7	0.011207
3000.75	0.002674
3000.8	-0.000095
3000.85	0.004069
3000.9	-0.00375
3000.95	0.001639
3001.	0.005535
3001.05	0.012972
3001.1	0.018138
3001.15	0.019433
3001.2	0.015294
3001.25	0.006452
3001.3	0.008593
3001.35	0.018388
3001.4	0.024498
3001.45	0.021181
3001.5	0.009235
3001.55	0.005819
3001.6	0.019873
3001.65	0.021227
3001.7	0.017067
3001.75	0.01952
3001.8	0.033952
3001.85	0.037084
3001.9	0.031033
3001.95	0.026658
3002.	0.039829
3002.05	0.038511
3002.1	0.034476
3002.15	0.030825
3002.2	0.026297
3002.25	0.032564
3002.3	0.046092
3002.35	0.050965
3002.4	0.05614
3002.45	0.046565
3002.5	0.056717
3002.55	0.035869
3002.6	0.035106
3002.65	0.048376
3002.7	0.041832
3002.75	0.046197
3002.8	0.045554
3002.85	0.041632
3002.9	0.043372
3002.95	0.039137
3003.	0.040455
3003.05	0.041247
3003.1	0.043102
3003.15	0.046071
3003.2	0.035701
3003.25	0.037573
3003.3	0.035548
3003.35	0.047859
3003.4	0.044278
3003.45	0.03997
3003.5	0.036817
3003.55	0.044365
3003.6	0.047529
3003.65	0.033727
3003.7	0.035998
3003.75	0.03684
3003.8	0.043309
3003.85	0.048023
3003.9	0.029538
3003.95	0.030588
3004.	0.030164
3004.05	0.020901
3004.1	0.02388
3004.15	0.013922
3004.2	0.000791
3004.25	0.000971
3004.3	0.011212
3004.35	0.009016
3004.4	0.002676
3004.45	-0.001477
3004.5	0.006012
3004.55	0.014959
3004.6	0.002752
3004.65	0.005112
3004.7	0.013702
3004.75	0.01821
3004.8	0.01009
3004.85	0.007374
3004.9	0.006473
3004.95	-0.000272
3005.	-0.00212
3005.05	0.001078
3005.1	-0.003901
3005.15	-0.013025
3005.2	-0.018621
3005.25	-0.014217
3005.3	-0.016964
3005.35	-0.021129
3005.4	-0.041184
3005.45	-0.046244
3005.5	-0.044254
3005.55	-0.040719
3005.6	-0.044071
3005.65	-0.045322
3005.7	-0.047812
3005.75	-0.029033
3005.8	-0.002366
3005.85	0.030388
3005.9	0.075783
3005.95	0.12173
3006.	0.112867
3006.05	0.10457
3006.1	0.079239
3006.15	0.045365
3006.2	-0.005918
3006.25	-0.043623
3006.3	-0.067215
3006.35	-0.083404
3006.4	-0.108123
3006.45	-0.093275
3006.5	-0.073612
3006.55	-0.051815
3006.6	-0.039229
3006.65	-0.024108
3006.7	-0.025462
3006.75	-0.036889
3006.8	-0.027855
3006.85	-0.035825
3006.9	-0.043842
3006.95	-0.061459
3007.	-0.07861
3007.05	-0.096963
3007.1	-0.095256
3007.15	-0.092626
3007.2	-0.079733
3007.25	-0.073301
3007.3	-0.074748
3007.35	-0.059125
3007.4	-0.041625
3007.45	-0.013053
3007.5	0.00153
3007.55	0.014537
3007.6	0.028302
3007.65	0.009033
3007.7	-0.023156
3007.75	-0.04744
3007.8	-0.056885
3007.85	-0.058764
3007.9	-0.0644
3007.95	-0.058856
3008.	-0.070449
3008.05	-0.069143
3008.1	-0.058908
3008.15	-0.070576
3008.201	-0.061988
3008.251	-0.062969
3008.301	-0.070682
3008.351	-0.073566
3008.401	-0.069185
3008.451	-0.072381
3008.501	-0.080023
3008.551	-0.07451
3008.601	-0.063923
3008.651	-0.068757
3008.701	-0.060409
3008.751	-0.05387
3008.801	-0.052117
3008.851	-0.05773
3008.901	-0.063067
3008.951	-0.059182
3009.001	-0.050518
3009.051	-0.059014
3009.101	-0.055593
3009.151	-0.060645
3009.201	-0.069235
3009.251	-0.071587
3009.301	-0.059592
3009.351	-0.047021
3009.401	-0.050285
3009.451	-0.052977
3009.501	-0.048922
3009.551	-0.036314
3009.601	-0.054327
3009.651	-0.069619
3009.701	-0.067628
3009.751	-0.063527
3009.801	-0.067981
3009.851	-0.074471
3009.901	-0.083763
3009.951	-0.069465
3010.001	-0.063798
3010.051	-0.058597
3010.101	-0.064803
3010.151	-0.06658
3010.201	-0.072228
3010.251	-0.072364
3010.301	-0.078672
3010.351	-0.064306
3010.401	-0.084954
3010.451	-0.088317
3010.501	-0.081577
3010.551	-0.080866
3010.601	-0.061081
3010.651	-0.051892
3010.701	-0.04779
3010.751	-0.030261
3010.801	-0.017792
3010.851	-0.010974
3010.901	-0.022673
3010.951	-0.027396
3011.001	-0.034135
3011.051	-0.054677
3011.101	-0.0647
3011.151	-0.064837
3011.201	-0.07745
3011.251	-0.07419
3011.301	-0.076455
3011.351	-0.073606
3011.401	-0.055481
3011.451	-0.039622
3011.501	-0.021362
3011.551	-0.017098
3011.601	-0.013549
3011.651	-0.014679
3011.701	-0.014457
3011.751	-0.009652
3011.801	-0.001685
3011.851	0.001654
3011.901	0.006164
3011.951	0.01974
3012.001	0.033925
3012.051	0.04284
3012.101	0.050391
3012.151	0.070394
3012.201	0.09703
3012.251	0.121211
3012.301	0.135471
3012.351	0.150648
3012.401	0.164166
3012.451	0.176499
3012.501	0.201906
3012.551	0.221318
3012.601	0.242039
3012.651	0.259925
3012.701	0.275181
3012.751	0.28345
3012.801	0.279712
3012.851	0.27505
3012.901	0.255422
3012.951	0.204967
3013.001	0.122998
3013.051	0.001473
3013.101	-0.173015
3013.151	-0.419967
3013.201	-0.753204
3013.251	-1.23291
3013.301	-1.893224
3013.351	-2.764324
3013.401	-3.884604
3013.451	-5.313424
3013.501	-7.061159
3013.551	-9.062274
3013.601	-11.232886
3013.651	-13.384874
3013.701	-15.345362
3013.751	-16.79336
3013.801	-17.286456
3013.851	-16.244405
3013.901	-12.942391
3013.951	-6.650866
3014.001	3.180452
3014.051	16.428429
3014.101	31.905795
3014.151	47.189867
3014.201	58.911996
3014.251	63.675867
3014.301	59.395253
3014.351	46.325697
3014.401	27.082921
3014.451	5.776513
3014.501	-13.620731
3014.551	-28.391897
3014.601	-37.358869
3014.651	-40.403849
3014.701	-37.961828
3014.751	-31.05513
3014.801	-21.315472
3014.851	-10.97127
3014.901	-2.09712
3014.951	4.061306
3015.001	7.266571
3015.051	7.765576
3015.101	5.951937
3015.151	2.420311
3015.201	-1.844156
3015.251	-5.704582
3015.301	-8.350646
3015.351	-9.47597
3015.401	-9.17835
3015.451	-7.71162
3015.501	-5.471366
3015.551	-2.931225
3015.601	-0.595503
3015.651	1.144897
3015.701	2.137744
3015.751	2.421297
3015.801	2.158131
3015.851	1.619108
3015.901	1.058317
3015.951	0.636078
3016.001	0.501984
3016.051	0.570282
3016.101	0.77832
3016.151	1.046695
3016.201	1.270867
3016.251	1.404739
3016.301	1.409195
3016.351	1.328812
3016.401	1.225173
3016.451	1.115945
3016.501	0.976752
3016.551	0.848309
3016.601	0.754304
3016.651	0.689257
3016.701	0.602367
3016.751	0.507492
3016.801	0.452595
3016.851	0.405431
3016.901	0.398855
3016.951	0.402574
3017.001	0.382135
3017.051	0.362273
3017.101	0.357687
3017.151	0.421675
3017.201	0.493808
3017.251	0.562389
3017.301	0.655388
3017.351	0.732287
3017.401	0.769481
3017.451	0.731017
3017.501	0.622066
3017.551	0.452099
3017.601	0.2939
3017.651	0.187914
3017.701	0.129889
3017.751	0.12611
3017.801	0.163293
3017.851	0.21851
3017.901	0.258387
3017.951	0.279768
3018.001	0.250881
3018.051	0.222844
3018.101	0.191547
3018.151	0.167805
3018.201	0.162574
3018.251	0.149717
3018.301	0.155122
3018.351	0.203008
3018.401	0.243593
3018.451	0.287082
3018.501	0.332143
3018.551	0.328577
3018.601	0.306797
3018.651	0.232126
3018.701	0.112312
3018.751	-0.037601
3018.801	-0.190923
3018.851	-0.344334
3018.901	-0.445781
3018.951	-0.509324
3019.001	-0.536507
3019.051	-0.53573
3019.101	-0.508595
3019.151	-0.472952
3019.201	-0.44096
3019.251	-0.397592
3019.301	-0.338566
3019.351	-0.256607
3019.401	-0.179212
3019.451	-0.112808
3019.501	-0.060859
3019.551	-0.040684
3019.601	-0.0532
3019.651	-0.103802
3019.701	-0.188
3019.751	-0.26575
3019.801	-0.326108
3019.851	-0.32165
3019.901	-0.284914
3019.951	-0.224395
3020.001	-0.140561
3020.051	-0.090081
3020.101	-0.08241
3020.151	-0.103884
3020.201	-0.166454
3020.251	-0.222072
3020.301	-0.274005
3020.351	-0.298338
3020.401	-0.261693
3020.451	-0.227072
3020.501	-0.17202
3020.551	-0.095394
3020.601	-0.023061
3020.651	0.064953
3020.701	0.143652
3020.751	0.19924
3020.801	0.225721
3020.851	0.212553
3020.901	0.163871
3020.951	0.065581
3021.001	-0.033775
3021.051	-0.094667
3021.101	-0.145988
3021.151	-0.166575
3021.201	-0.171698
3021.251	-0.160311
3021.301	-0.159282
3021.351	-0.156788
3021.401	-0.164796
3021.451	-0.17542
3021.501	-0.199262
3021.551	-0.207853
3021.601	-0.223173
3021.651	-0.238207
3021.701	-0.255164
3021.751	-0.263136
3021.801	-0.245368
3021.851	-0.237793
3021.901	-0.230637
3021.951	-0.213715
3022.001	-0.174106
3022.051	-0.121202
3022.101	-0.051751
3022.151	0.017788
3022.201	0.090155
3022.251	0.156687
3022.301	0.204824
3022.351	0.218054
3022.401	0.197285
3022.451	0.157417
3022.501	0.110836
3022.551	0.056863
3022.601	-0.009361
3022.651	-0.059584
3022.701	-0.096686
3022.751	-0.1221
3022.801	-0.132989
3022.851	-0.151847
3022.901	-0.203151
3022.951	-0.334467
3023.001	-0.526853
3023.051	-0.760408
3023.101	-1.0253
3023.151	-1.227203
3023.201	-1.27939
3023.251	-1.157904
3023.301	-0.868225
3023.351	-0.434469
3023.401	0.021344
3023.451	0.408875
3023.501	0.65405
3023.551	0.753544
3023.601	0.71135
3023.651	0.553488
3023.701	0.334068
3023.751	0.098307
3023.801	-0.161754
3023.851	-0.356955
3023.901	-0.475179
3023.951	-0.477653
3024.001	-0.394009
3024.051	-0.248749
3024.101	-0.076648
3024.151	0.08213
3024.201	0.194593
3024.251	0.205421
3024.301	0.164503
3024.351	0.056273
3024.401	-0.075769
3024.451	-0.201179
3024.501	-0.284402
3024.551	-0.31845
3024.602	-0.296833
3024.652	-0.245296
3024.702	-0.19656
3024.752	-0.160136
3024.802	-0.143385
3024.852	-0.151644
3024.902	-0.194915
3024.952	-0.265187
3025.002	-0.324915
3025.052	-0.345817
3025.102	-0.33318
3025.152	-0.277887
3025.202	-0.182823
3025.252	-0.094772
3025.302	-0.015097
3025.352	0.018849
3025.402	-0.026426
3025.452	-0.087708
3025.502	-0.155845
3025.552	-0.196579
3025.602	-0.215338
3025.652	-0.210477
3025.702	-0.148654
3025.752	-0.065155
3025.802	0.026914
3025.852	0.113937
3025.902	0.143722
3025.952	0.12421
3026.002	0.071875
3026.052	0.009103
3026.102	-0.064897
3026.152	-0.140816
3026.202	-0.206088
3026.252	-0.25603
3026.302	-0.248821
3026.352	-0.227617
3026.402	-0.169051
3026.452	-0.103505
3026.502	-0.020156
3026.552	0.044915
3026.602	0.111014
3026.652	0.120228
3026.702	0.102543
3026.752	0.046697
3026.802	-0.030936
3026.852	-0.11009
3026.902	-0.179371
3026.952	-0.241852
3027.002	-0.279278
3027.052	-0.292762
3027.102	-0.282555
3027.152	-0.241547
3027.202	-0.202737
3027.252	-0.161686
3027.302	-0.119488
3027.352	-0.084055
3027.402	-0.057264
3027.452	-0.033576
3027.502	-0.029347
3027.552	-0.011929
3027.602	0.013522
3027.652	0.021786
3027.702	0.007667
3027.752	-0.018278
3027.802	-0.04345
3027.852	-0.064766
3027.902	-0.081467
3027.952	-0.08506
3028.002	-0.067794
3028.052	-0.021372
3028.102	0.011386
3028.152	0.017662
3028.202	0.022835
3028.252	0.011808
3028.302	-0.020879
3028.352	-0.071244
3028.402	-0.101089
3028.452	-0.128955
3028.502	-0.158581
3028.552	-0.172049
3028.602	-0.169473
3028.652	-0.174934
3028.702	-0.187173
3028.752	-0.177293
3028.802	-0.16104
3028.852	-0.173663
3028.902	-0.159343
3028.952	-0.152851
3029.002	-0.140507
3029.052	-0.118272
3029.102	-0.094719
3029.152	-0.085417
3029.202	-0.073233
3029.252	-0.056602
3029.302	-0.047311
3029.352	-0.022381
3029.402	-0.012697
3029.452	-0.01402
3029.502	-0.024275
3029.552	-0.041828
3029.602	-0.058182
3029.652	-0.087709
3029.702	-0.12827
3029.752	-0.158639
3029.802	-0.180047
3029.852	-0.192371
3029.902	-0.18387
3029.952	-0.174109
3030.002	-0.166991
3030.052	-0.143127
3030.102	-0.103663
3030.152	-0.068822
3030.202	-0.026795
3030.252	-0.021106
3030.302	-0.010643
3030.352	-0.011763
3030.402	-0.032056
3030.452	-0.063983
3030.502	-0.089644
3030.552	-0.097634
3030.602	-0.105828
3030.652	-0.121219
3030.702	-0.095481
3030.752	-0.074862
3030.802	-0.066374
3030.852	-0.042927
3030.902	-0.025838
3030.952	-0.013074
3031.002	-0.015054
3031.052	-0.026134
3031.102	-0.036616
3031.152	-0.037232
3031.202	-0.060167
3031.252	-0.063189
3031.302	-0.079586
3031.352	-0.085813
3031.402	-0.079552
3031.452	-0.060719
3031.502	-0.041413
3031.552	-0.034
3031.602	-0.03668
3031.652	-0.026345
3031.702	-0.034339
3031.752	-0.055507
3031.802	-0.074185
3031.852	-0.084873
3031.902	-0.114011
3031.952	-0.112608
3032.002	-0.107065
3032.052	-0.086245
3032.102	-0.06515
3032.152	-0.07181
3032.202	-0.063728
3032.252	-0.072114
3032.302	-0.104912
3032.352	-0.115214
3032.402	-0.135868
3032.452	-0.145475
3032.502	-0.150773
3032.552	-0.169156
3032.602	-0.165368
3032.652	-0.167248
3032.702	-0.168098
3032.752	-0.17259
3032.802	-0.165516
3032.852	-0.126632
3032.902	-0.088446
3032.952	-0.091795
3033.002	-0.083104
3033.052	-0.099193
3033.102	-0.104271
3033.152	-0.113267
3033.202	-0.113232
3033.252	-0.133011
3033.302	-0.129823
3033.352	-0.139407
3033.402	-0.160601
3033.452	-0.181848
3033.502	-0.18865
3033.552	-0.191274
3033.602	-0.183676
3033.652	-0.153811
3033.702	-0.15318
3033.752	-0.142546
3033.802	-0.111755
3033.852	-0.112402
3033.902	-0.08522
3033.952	-0.078806
3034.002	-0.087869
3034.052	-0.105141
3034.102	-0.12175
3034.152	-0.139009
3034.202	-0.164563
3034.252	-0.182971
3034.302	-0.196675
3034.352	-0.198726
3034.402	-0.1769
3034.452	-0.133971
3034.502	-0.078148
3034.552	-0.014535
3034.602	0.056076
3034.652	0.108914
3034.702	0.136118
3034.752	0.131844
3034.802	0.126544
3034.852	0.078766
3034.902	0.02116
3034.952	-0.006876
3035.002	-0.035026
3035.052	-0.066745
3035.102	-0.097826
3035.152	-0.08345
3035.202	-0.064979
3035.252	-0.040842
3035.302	-0.0103
3035.352	0.005143
3035.402	-0.002871
3035.452	-0.014051
3035.502	-0.015338
3035.552	-0.033326
3035.602	-0.060818
3035.652	-0.082043
3035.702	-0.096298
3035.752	-0.132656
3035.802	-0.129845
3035.852	-0.125677
3035.902	-0.115449
3035.952	-0.111267
3036.002	-0.095104
3036.052	-0.081923
3036.102	-0.057167
3036.152	-0.030603
3036.202	-0.014279
3036.252	0.001186
3036.302	0.021011
3036.352	0.048339
3036.402	0.054373
3036.452	0.049293
3036.502	0.034831
3036.552	-0.001488
3036.602	-0.043109
3036.652	-0.065479
3036.702	-0.085875
3036.752	-0.087651
3036.802	-0.098361
3036.852	-0.105201
3036.902	-0.07579
3036.952	-0.070507
3037.002	-0.058883
3037.052	-0.035905
3037.102	-0.034711
3037.152	-0.026745
3037.202	-0.008999
3037.252	0.001431
3037.302	0.000824
3037.352	-0.014186
3037.402	-0.015527
3037.452	-0.011152
3037.502	-0.017541
3037.552	-0.035627
3037.602	-0.037439
3037.652	-0.037382
3037.702	-0.029123
3037.752	-0.022104
3037.802	-0.005595
3037.852	0.001493
3037.902	0.009718
3037.952	0.001358
3038.002	-0.006116
3038.052	-0.032914
3038.102	-0.044495
3038.152	-0.065132
3038.202	-0.061952
3038.252	-0.074011
3038.302	-0.057732
3038.352	-0.049876
3038.402	-0.043642
3038.452	-0.040748
3038.502	-0.025796
3038.552	-0.013954
3038.602	0.02058
3038.652	0.048708
3038.702	0.107799
3038.752	0.172203
3038.802	0.21213
3038.852	0.253986
3038.902	0.244183
3038.952	0.218099
3039.002	0.149834
3039.052	0.054719
3039.102	-0.02864
3039.152	-0.132558
3039.202	-0.202495
3039.252	-0.229935
3039.302	-0.252791
3039.352	-0.240993
3039.402	-0.196567
3039.452	-0.159374
3039.502	-0.134102
3039.552	-0.108493
3039.602	-0.051819
3039.652	0.010142
3039.702	0.084755
3039.752	0.153094
3039.802	0.226879
3039.852	0.26358
3039.902	0.261611
3039.952	0.21814
3040.002	0.126501
3040.052	0.045299
3040.102	-0.0292
3040.152	-0.086943
3040.202	-0.110272
3040.252	-0.113282
3040.302	-0.089214
3040.352	-0.069475
3040.402	-0.035686
3040.452	0.008079
3040.502	0.019477
3040.552	0.042653
3040.602	0.022014
3040.652	0.018042
3040.702	0.015019
3040.752	-0.016598
3040.802	-0.026166
3040.852	-0.043822
3040.902	-0.047033
3040.952	-0.052058
3041.003	-0.03311
3041.053	-0.042421
3041.103	-0.047262
3041.153	-0.0607
3041.203	-0.080814
3041.253	-0.084149
3041.303	-0.112763
3041.353	-0.154063
3041.403	-0.173587
3041.453	-0.162937
3041.503	-0.117206
3041.553	-0.055299
3041.603	-0.007981
3041.653	0.055179
3041.703	0.096691
3041.753	0.112932
3041.803	0.126358
3041.853	0.109697
3041.903	0.078679
3041.953	0.073703
3042.003	0.068481
3042.053	0.060124
3042.103	0.03361
3042.153	0.031776
3042.203	0.023971
3042.253	0.016401
3042.303	0.01088
3042.353	0.00899
3042.403	-0.007211
3042.453	-0.023516
3042.503	-0.022837
3042.553	-0.023129
3042.603	-0.018624
3042.653	-0.026249
3042.703	-0.0241
3042.753	-0.026076
3042.803	-0.038965
3042.853	-0.007834
3042.903	-0.011634
3042.953	-0.028545
3043.003	-0.019815
3043.053	-0.023591
3043.103	-0.018724
3043.153	-0.033864
3043.203	-0.034424
3043.253	-0.031462
3043.303	-0.038354
3043.353	-0.041952
3043.403	-0.039118
3043.453	-0.061933
3043.503	-0.059888
3043.553	-0.054998
3043.603	-0.042835
3043.653	-0.045934
3043.703	-0.028752
3043.753	-0.021391
3043.803	-0.018522
3043.853	-0.000922
3043.903	0.006598
3043.953	0.021661
3044.003	0.016755
3044.053	0.01977
3044.103	0.015508
3044.153	-0.016854
3044.203	-0.029576
3044.253	-0.03263
3044.303	-0.028858
3044.353	-0.036765
3044.403	-0.037085
3044.453	-0.016448
3044.503	0.00023
3044.553	0.002368
3044.603	0.00513
3044.653	0.004607
3044.703	-0.005538
3044.753	-0.015489
3044.803	-0.022396
3044.853	-0.026835
3044.903	-0.017407
3044.953	-0.020068
3045.003	-0.019595
3045.053	-0.012013
3045.103	-0.024078
3045.153	-0.033676
3045.203	-0.031193
3045.253	-0.023654
3045.303	-0.03134
3045.353	-0.042849
3045.403	-0.029396
3045.453	-0.019227
3045.503	-0.025318
3045.553	-0.032813
3045.603	-0.033197
3045.653	-0.044327
3045.703	-0.048497
3045.753	-0.05715
3045.803	-0.0637
3045.853	-0.069951
3045.903	-0.085056
3045.953	-0.118275
3046.003	-0.1473
3046.053	-0.17137
3046.103	-0.190344
3046.153	-0.213205
3046.203	-0.220015
3046.253	-0.218912
3046.303	-0.221567
3046.353	-0.227257
3046.403	-0.217205
3046.453	-0.218942
3046.503	-0.198431
3046.553	-0.180153
3046.603	-0.180758
3046.653	-0.168929
3046.703	-0.156138
3046.753	-0.136723
3046.803	-0.122718
3046.853	-0.096543
3046.903	-0.072962
3046.953	-0.049388
3047.003	-0.046473
3047.053	-0.031403
3047.103	-0.014468
3047.153	-0.023191
3047.203	-0.004006
3047.253	-0.013563
3047.303	-0.017226
3047.353	-0.009516
3047.403	-0.009816
3047.453	-0.016674
3047.503	-0.001641
3047.553	-0.00254
3047.603	0.009471
3047.653	0.019969
3047.703	0.006233
3047.753	0.00491
3047.803	0.004707
3047.853	-0.00821
3047.903	-0.020011
3047.953	-0.035159
3048.003	-0.052945
3048.053	-0.053509
3048.103	-0.053582
3048.153	-0.052187
3048.203	-0.074137
3048.253	-0.095387
3048.303	-0.104185
3048.353	-0.1087
3048.403	-0.106464
3048.453	-0.102701
3048.503	-0.096127
3048.553	-0.077677
3048.603	-0.051703
3048.653	-0.026549
3048.703	-0.01901
3048.753	-0.019074
3048.803	-0.020491
3048.853	0.000876
3048.903	-0.009792
3048.953	-0.004894
3049.003	-0.003914
3049.053	-0.020741
3049.103	-0.014708
3049.153	-0.018966
3049.203	-0.005761
3049.253	-0.001205
3049.303	0.016658
3049.353	0.027166
3049.403	0.035931
3049.453	0.028059
3049.503	0.021018
3049.553	0.020164
3049.603	-0.001536
3049.653	-0.018244
3049.703	-0.031782
3049.753	-0.036616
3049.803	-0.062759
3049.853	-0.059556
3049.903	-0.05416
3049.953	-0.047782
3050.003	-0.047978
3050.053	-0.045612
3050.103	-0.045339
3050.153	-0.035897
3050.203	-0.042019
3050.253	-0.033909
3050.303	-0.037892
3050.353	-0.04105
3050.403	-0.023669
3050.453	-0.012027
3050.503	-0.018703
3050.553	-0.025124
3050.603	-0.034719
3050.653	-0.046349
3050.703	-0.065679
3050.753	-0.055678
3050.803	-0.067802
3050.853	-0.053076
3050.903	-0.052324
3050.953	-0.066613
3051.003	-0.07332
3051.053	-0.063915
3051.103	-0.03143
3051.153	-0.013821
3051.203	-0.016954
3051.253	-0.020159
3051.303	-0.035022
3051.353	-0.069471
3051.403	-0.105621
3051.453	-0.130317
3051.503	-0.169208
3051.553	-0.199571
3051.603	-0.210757
3051.653	-0.210285
3051.703	-0.18078
3051.753	-0.147117
3051.803	-0.107132
3051.853	-0.080434
3051.903	-0.048041
3051.953	-0.067793
3052.003	-0.077207
3052.053	-0.120721
3052.103	-0.167167
3052.153	-0.20762
3052.203	-0.267957
3052.253	-0.298211
3052.303	-0.317683
3052.353	-0.319991
3052.403	-0.322658
3052.453	-0.307139
3052.503	-0.295799
3052.553	-0.283801
3052.603	-0.266945
3052.653	-0.231345
3052.703	-0.211956
3052.753	-0.180079
3052.803	-0.136871
3052.853	-0.10043
3052.903	-0.065804
3052.953	-0.033004
3053.003	0.013019
3053.053	0.04586
3053.103	0.086001
3053.153	0.132994
3053.203	0.152046
3053.253	0.181873
3053.303	0.212885
3053.353	0.23535
3053.403	0.262746
3053.453	0.281965
3053.503	0.295033
3053.553	0.295961
3053.603	0.304763
3053.653	0.325485
3053.703	0.336854
3053.753	0.356581
3053.803	0.345201
3053.853	0.346852
3053.903	0.348363
3053.953	0.338455
3054.003	0.326421
3054.053	0.308037
3054.103	0.313863
3054.153	0.304489
3054.203	0.278804
3054.253	0.238894
3054.303	0.210327
3054.353	0.152139
3054.403	0.101194
3054.453	0.051751
3054.503	0.004338
3054.553	-0.040012
3054.603	-0.059056
3054.653	-0.06934
3054.703	-0.073759
3054.753	-0.063091
3054.803	-0.053149
3054.853	-0.037556
3054.903	-0.031931
3054.953	-0.041517
3055.003	-0.075109
3055.053	-0.113282
3055.103	-0.137469
3055.153	-0.162521
3055.203	-0.20174
3055.253	-0.237246
3055.303	-0.24745
3055.353	-0.250992
3055.403	-0.244405
3055.453	-0.247141
3055.503	-0.239989
3055.553	-0.250098
3055.603	-0.26882
3055.653	-0.300187
3055.703	-0.3317
3055.753	-0.350613
3055.803	-0.377723
3055.853	-0.405575
3055.903	-0.43315
3055.953	-0.433718
3056.003	-0.448398
3056.053	-0.436366
3056.103	-0.411811
3056.153	-0.398023
3056.203	-0.386377
3056.253	-0.352171
3056.303	-0.326311
3056.353	-0.3097
3056.403	-0.278149
3056.453	-0.259427
3056.503	-0.231925
3056.553	-0.223379
3056.603	-0.198772
3056.653	-0.157448
3056.703	-0.142485
3056.753	-0.123293
3056.803	-0.086375
3056.853	-0.058338
3056.903	-0.031026
3056.953	0.005612
3057.003	0.024927
3057.053	0.066899
3057.103	0.09731
3057.153	0.112062
3057.203	0.12441
3057.253	0.138694
3057.303	0.140753
3057.354	0.144554
3057.404	0.161939
3057.454	0.173717
3057.504	0.190983
3057.554	0.190187
3057.604	0.190803
3057.654	0.202093
3057.704	0.183979
3057.754	0.161538
3057.804	0.139787
3057.854	0.111188
3057.904	0.08
3057.954	0.037987
3058.004	0.015259
3058.054	-0.009847
3058.104	-0.016436
3058.154	-0.013301
3058.204	-0.0238
3058.254	-0.00954
3058.304	0.001343
3058.354	-0.007086
3058.404	-0.013859
3058.454	-0.028695
3058.504	-0.0434
3058.554	-0.068023
3058.604	-0.098412
3058.654	-0.115426
3058.704	-0.127397
3058.754	-0.13097
3058.804	-0.130504
3058.854	-0.143858
3058.904	-0.140572
3058.954	-0.138767
3059.004	-0.155551
3059.054	-0.170902
3059.104	-0.184758
3059.154	-0.218299
3059.204	-0.228936
3059.254	-0.241434
3059.304	-0.238137
3059.354	-0.226818
3059.404	-0.193353
3059.454	-0.158872
3059.504	-0.124809
3059.554	-0.10713
3059.604	-0.079504
3059.654	-0.070509
3059.704	-0.077618
3059.754	-0.084325
3059.804	-0.101633
3059.854	-0.105648
3059.904	-0.127036
3059.954	-0.123756
3060.004	-0.109224
3060.054	-0.096382
3060.104	-0.065275
3060.154	-0.042691
3060.204	-0.013616
3060.254	0.01813
3060.304	0.026769
3060.354	0.026431
3060.404	0.016856
3060.454	-0.001772
3060.504	-0.027339
3060.554	-0.047925
3060.604	-0.049956
3060.654	-0.06655
3060.704	-0.066784
3060.754	-0.078285
3060.804	-0.057261
3060.854	-0.032864
3060.904	-0.034586
3060.954	0.009189
3061.004	0.037847
3061.054	0.045786
3061.104	0.053073
3061.154	0.051232
3061.204	0.038853
3061.254	0.043119
3061.304	0.033498
3061.354	0.034404
3061.404	0.01049
3061.454	0.000598
3061.504	-0.006837
3061.554	-0.023942
3061.604	-0.019229
3061.654	-0.033978
3061.704	-0.042571
3061.754	-0.045775
3061.804	-0.051159
3061.854	-0.065153
3061.904	-0.075988
3061.954	-0.09547
3062.004	-0.124905
3062.054	-0.153763
3062.104	-0.177228
3062.154	-0.201048
3062.204	-0.197611
3062.254	-0.17604
3062.304	-0.14758
3062.354	-0.102561
3062.404	-0.066665
3062.454	-0.017642
3062.504	0.037572
3062.554	0.078584
3062.604	0.111391
3062.654	0.129886
3062.704	0.144457
3062.754	0.131199
3062.804	0.117172
3062.854	0.094342
3062.904	0.090036
3062.954	0.069421
3063.004	0.060663
3063.054	0.048259
3063.104	0.040954
3063.154	0.034387
3063.204	0.048928
3063.254	0.046182
3063.304	0.030018
3063.354	0.025086
3063.404	-0.009555
3063.454	-0.041695
3063.504	-0.079751
3063.554	-0.141491
3063.604	-0.200655
3063.654	-0.237899
3063.704	-0.288946
3063.754	-0.320923
3063.804	-0.330218
3063.854	-0.339257
3063.904	-0.330888
3063.954	-0.31005
3064.004	-0.298482
3064.054	-0.254243
3064.104	-0.212904
3064.154	-0.19003
3064.204	-0.165217
3064.254	-0.116357
3064.304	-0.076367
3064.354	-0.041915
3064.404	-0.002831
3064.454	0.033611
3064.504	0.071964
3064.554	0.125683
3064.604	0.17246
3064.654	0.200826
3064.704	0.22252
3064.754	0.221997
3064.804	0.205321
3064.854	0.170471
3064.904	0.13379
3064.954	0.069491
3065.004	0.017858
3065.054	-0.044541
3065.104	-0.073795
3065.154	-0.095173
3065.204	-0.106199
3065.254	-0.125727
3065.304	-0.143636
3065.354	-0.157303
3065.404	-0.185235
3065.454	-0.185063
3065.504	-0.190064
3065.554	-0.194324
3065.604	-0.191145
3065.654	-0.196105
3065.704	-0.198664
3065.754	-0.182568
3065.804	-0.139996
3065.854	-0.114079
3065.904	-0.084434
3065.954	-0.059936
3066.004	-0.040854
3066.054	-0.033876
3066.104	-0.029814
3066.154	-0.048043
3066.204	-0.050277
3066.254	-0.074579
3066.304	-0.079156
3066.354	-0.081001
3066.404	-0.08675
3066.454	-0.069441
3066.504	-0.043156
3066.554	-0.013745
3066.604	0.007764
3066.654	0.022122
3066.704	0.029704
3066.754	0.031276
3066.804	0.045543
3066.854	0.053778
3066.904	0.042801
3066.954	0.025756
3067.004	-0.029203
3067.054	-0.064758
3067.104	-0.121928
3067.154	-0.188508
3067.204	-0.264925
3067.254	-0.336573
3067.304	-0.393914
3067.354	-0.451019
3067.404	-0.491351
3067.454	-0.502509
3067.504	-0.505061
3067.554	-0.471617
3067.604	-0.388553
3067.654	-0.316974
3067.704	-0.212194
3067.754	-0.076696
3067.804	0.050378
3067.854	0.187439
3067.904	0.292224
3067.954	0.366996
3068.004	0.40389
3068.054	0.409193
3068.104	0.361312
3068.154	0.282612
3068.204	0.169289
3068.254	0.031571
3068.304	-0.121223
3068.354	-0.239206
3068.404	-0.321554
3068.454	-0.380636
3068.504	-0.389109
3068.554	-0.35798
3068.604	-0.315158
3068.654	-0.261111
3068.704	-0.202626
3068.754	-0.159315
3068.804	-0.131222
3068.854	-0.099476
3068.904	-0.092708
3068.954	-0.097491
3069.004	-0.095227
3069.054	-0.087731
3069.104	-0.112056
3069.154	-0.130702
3069.204	-0.120207
3069.254	-0.133132
3069.304	-0.139811
3069.354	-0.147526
3069.404	-0.158004
3069.454	-0.172184
3069.504	-0.165182
3069.554	-0.16262
3069.604	-0.155079
3069.654	-0.146184
3069.704	-0.139757
3069.754	-0.119735
3069.804	-0.089688
3069.854	-0.04961
3069.904	-0.008819
3069.954	0.013366
3070.004	0.025968
3070.054	0.044529
3070.104	0.019802
3070.154	-0.012619
3070.204	-0.056301
3070.254	-0.100904
3070.304	-0.148373
3070.354	-0.173975
3070.404	-0.214967
3070.454	-0.233539
3070.504	-0.230225
3070.554	-0.245065
3070.604	-0.241329
3070.654	-0.231343
3070.704	-0.222856
3070.754	-0.181524
3070.804	-0.160576
3070.854	-0.121705
3070.904	-0.091346
3070.954	-0.068323
3071.004	-0.020526
3071.054	0.007107
3071.104	0.0487
3071.154	0.072702
3071.204	0.086818
3071.254	0.1247
3071.304	0.150762
3071.354	0.13387
3071.404	0.132247
3071.454	0.086969
3071.504	0.053069
3071.554	-0.012929
3071.604	-0.065063
3071.654	-0.099082
3071.704	-0.1383
3071.754	-0.189839
3071.804	-0.205409
3071.854	-0.208134
3071.904	-0.213118
3071.954	-0.170389
3072.004	-0.107213
3072.054	-0.047711
3072.104	0.023893
3072.154	0.099332
3072.204	0.150063
3072.254	0.174183
3072.304	0.167776
3072.354	0.136332
3072.404	0.068759
3072.454	-0.023153
3072.504	-0.11781
3072.554	-0.193448
3072.604	-0.234996
3072.654	-0.266268
3072.704	-0.237598
3072.754	-0.173863
3072.804	-0.101323
3072.854	-0.033774
3072.904	0.033012
3072.954	0.079571
3073.004	0.096629
3073.054	0.099821
3073.104	0.087699
3073.154	0.020886
3073.204	-0.035087
3073.254	-0.063609
3073.304	-0.10904
3073.354	-0.121674
3073.404	-0.124315
3073.454	-0.108006
3073.504	-0.077693
3073.554	-0.037192
3073.604	0.008289
3073.654	0.038356
3073.704	0.059995
3073.755	0.085412
3073.805	0.085514
3073.855	0.060009
3073.905	0.031081
3073.955	-0.007694
3074.005	-0.051665
3074.055	-0.109413
3074.105	-0.143926
3074.155	-0.161885
3074.205	-0.165833
3074.255	-0.153695
3074.305	-0.130459
3074.355	-0.096994
3074.405	-0.061868
3074.455	-0.025212
3074.505	0.029639
3074.555	0.074179
3074.605	0.078969
3074.655	0.091892
3074.705	0.106964
3074.755	0.098998
3074.805	0.080366
3074.855	0.046808
3074.905	0.027893
3074.955	-0.012015
3075.005	-0.02686
3075.055	-0.036431
3075.105	-0.036849
3075.155	-0.043071
3075.205	-0.023652
3075.255	-0.012179
3075.305	-0.005189
3075.355	-0.013754
3075.405	-0.024725
3075.455	-0.053797
3075.505	-0.076751
3075.555	-0.129133
3075.605	-0.151606
3075.655	-0.175354
3075.705	-0.175882
3075.755	-0.182008
3075.805	-0.154122
3075.855	-0.103438
3075.905	-0.04486
3075.955	0.031256
3076.005	0.106227
3076.055	0.154976
3076.105	0.203487
3076.155	0.229418
3076.205	0.221627
3076.255	0.188588
3076.305	0.13137
3076.355	0.062406
3076.405	-0.011926
3076.455	-0.088598
3076.505	-0.135969
3076.555	-0.153254
3076.605	-0.148225
3076.655	-0.116143
3076.705	-0.054511
3076.755	-0.001949
3076.805	0.040664
3076.855	0.08786
3076.905	0.116527
3076.955	0.123889
3077.005	0.090419
3077.055	0.038173
3077.105	-0.016618
3077.155	-0.067738
3077.205	-0.135249
3077.255	-0.165038
3077.305	-0.182273
3077.355	-0.183315
3077.405	-0.168618
3077.455	-0.131816
3077.505	-0.072047
3077.555	-0.028028
3077.605	0.00662
3077.655	0.025068
3077.705	0.051493
3077.755	0.049539
3077.805	0.014864
3077.855	0.003363
3077.905	-0.019921
3077.955	-0.026823
3078.005	-0.014523
3078.055	-0.012626
3078.105	0.014702
3078.155	0.052348
3078.205	0.061932
3078.255	0.076411
3078.305	0.085143
3078.355	0.057429
3078.405	0.030022
3078.455	-0.015168
3078.505	-0.063167
3078.555	-0.12773
3078.605	-0.180212
3078.655	-0.19737
3078.705	-0.189421
3078.755	-0.176479
3078.805	-0.139432
3078.855	-0.083523
3078.905	-0.009213
3078.955	0.034185
3079.005	0.088294
3079.055	0.139411
3079.105	0.151416
3079.155	0.124123
3079.205	0.105127
3079.255	0.050793
3079.305	-0.003646
3079.355	-0.061791
3079.405	-0.126601
3079.455	-0.156874
3079.505	-0.16936
3079.555	-0.162342
3079.605	-0.140646
3079.655	-0.103661
3079.705	-0.06726
3079.755	-0.015291
3079.805	0.011278
3079.855	0.010846
3079.905	0.027711
3079.955	0.017587
3080.005	0.009234
3080.055	-0.016808
3080.105	-0.033834
3080.155	-0.062699
3080.205	-0.089861
3080.255	-0.095134
3080.305	-0.096588
3080.355	-0.105042
3080.405	-0.119698
3080.455	-0.132451
3080.505	-0.12184
3080.555	-0.12029
3080.605	-0.118861
3080.655	-0.109676
3080.705	-0.089105
3080.755	-0.073415
3080.805	-0.047671
3080.855	-0.023381
3080.905	-0.009993
3080.955	-0.011163
3081.005	-0.026796
3081.055	-0.034301
3081.105	-0.038274
3081.155	-0.05715
3081.205	-0.09738
3081.255	-0.113168
3081.305	-0.1214
3081.355	-0.126241
3081.405	-0.125919
3081.455	-0.108907
3081.505	-0.092951
3081.555	-0.071288
3081.605	-0.045931
3081.655	-0.023179
3081.705	-0.014829
3081.755	-0.015635
3081.805	-0.006472
3081.855	-0.025311
3081.905	-0.027709
3081.955	-0.027132
3082.005	-0.037997
3082.055	-0.032598
3082.105	-0.027993
3082.155	-0.019683
3082.205	-0.003208
3082.255	0.015616
3082.305	0.007781
3082.355	-0.01415
3082.405	-0.037833
3082.455	-0.052383
3082.505	-0.080548
3082.555	-0.08987
3082.605	-0.095262
3082.655	-0.103326
3082.705	-0.096333
3082.755	-0.064678
3082.805	-0.022936
3082.855	-0.011675
3082.905	0.017562
3082.955	0.02415
3083.005	0.040639
3083.055	0.031475
3083.105	0.030313
3083.155	-0.006259
3083.205	-0.043773
3083.255	-0.073517
3083.305	-0.089209
3083.355	-0.105385
3083.405	-0.114159
3083.455	-0.117925
3083.505	-0.106839
3083.555	-0.091445
3083.605	-0.079222
3083.655	-0.066637
3083.705	-0.065492
3083.755	-0.051903
3083.805	-0.047206
3083.855	-0.04663
3083.905	-0.067051
3083.955	-0.075308
3084.005	-0.09288
3084.055	-0.087268
3084.105	-0.103793
3084.155	-0.095706
3084.205	-0.09816
3084.255	-0.095874
3084.305	-0.090313
3084.355	-0.096229
3084.405	-0.084647
3084.455	-0.079751
3084.505	-0.093265
3084.555	-0.093583
3084.605	-0.115786
3084.655	-0.129255
3084.705	-0.143708
3084.755	-0.153082
3084.805	-0.152173
3084.855	-0.170951
3084.905	-0.182028
3084.955	-0.16719
3085.005	-0.153231
3085.055	-0.136256
3085.105	-0.139474
3085.155	-0.127925
3085.205	-0.097057
3085.255	-0.085937
3085.305	-0.087288
3085.355	-0.071077
3085.405	-0.071792
3085.455	-0.081436
3085.505	-0.082345
3085.555	-0.101779
3085.605	-0.09426
3085.655	-0.082041
3085.705	-0.095373
3085.755	-0.089405
3085.805	-0.081508
3085.855	-0.088592
3085.905	-0.081481
3085.955	-0.083532
3086.005	-0.081526
3086.055	-0.089695
3086.105	-0.1066
3086.155	-0.12805
3086.205	-0.135999
3086.255	-0.137477
3086.305	-0.138594
3086.355	-0.137905
3086.405	-0.124753
3086.455	-0.106923
3086.505	-0.100923
3086.555	-0.068367
3086.605	-0.054335
3086.655	-0.038098
3086.705	-0.022268
3086.755	-0.0132
3086.805	0.002925
3086.855	-0.006173
3086.905	-0.019151
3086.955	-0.018285
3087.005	-0.045652
3087.055	-0.073598
3087.105	-0.082662
3087.155	-0.082801
3087.205	-0.11246
3087.255	-0.119584
3087.305	-0.109564
3087.355	-0.098167
3087.405	-0.085699
3087.455	-0.068625
3087.505	-0.054682
3087.555	-0.042451
3087.605	-0.038794
3087.655	-0.030157
3087.705	-0.042735
3087.755	-0.040391
3087.805	-0.044242
3087.855	-0.062439
3087.905	-0.069669
3087.955	-0.073825
3088.005	-0.078314
3088.055	-0.08217
3088.105	-0.091961
3088.155	-0.105572
3088.205	-0.114894
3088.255	-0.119124
3088.305	-0.120969
3088.355	-0.127356
3088.405	-0.112013
3088.455	-0.098693
3088.505	-0.090588
3088.555	-0.076279
3088.605	-0.078792
3088.655	-0.087061
3088.705	-0.090087
3088.755	-0.086879
3088.805	-0.102934
3088.855	-0.122274
3088.905	-0.126535
3088.955	-0.132136
3089.005	-0.125928
3089.055	-0.12293
3089.105	-0.118814
3089.155	-0.118864
3089.205	-0.099358
3089.255	-0.088715
3089.305	-0.094835
3089.355	-0.096405
3089.405	-0.104192
3089.455	-0.115861
3089.505	-0.112336
3089.555	-0.113325
3089.605	-0.104503
3089.655	-0.100158
3089.705	-0.080558
3089.755	-0.068063
3089.805	-0.067919
3089.855	-0.060511
3089.905	-0.048342
3089.955	-0.056898
3090.005	-0.048856
3090.055	-0.063545
3090.105	-0.058109
3090.156	-0.069407
3090.206	-0.083219
3090.256	-0.089989
3090.306	-0.099675
3090.356	-0.099414
3090.406	-0.110306
3090.456	-0.09428
3090.506	-0.083033
3090.556	-0.089507
3090.606	-0.074567
3090.656	-0.06695
3090.706	-0.058384
3090.756	-0.069651
3090.806	-0.089568
3090.856	-0.101915
3090.906	-0.118582
3090.956	-0.136649
3091.006	-0.135997
3091.056	-0.136528
3091.106	-0.144597
3091.156	-0.167317
3091.206	-0.171699
3091.256	-0.185295
3091.306	-0.181332
3091.356	-0.178628
3091.406	-0.192841
3091.456	-0.205629
3091.506	-0.213201
3091.556	-0.204976
3091.606	-0.222893
3091.656	-0.222919
3091.706	-0.205863
3091.756	-0.199634
3091.806	-0.191505
3091.856	-0.191583
3091.906	-0.187462
3091.956	-0.166482
3092.006	-0.166505
3092.056	-0.167801
3092.106	-0.162051
3092.156	-0.147377
3092.206	-0.148871
3092.256	-0.136918
3092.306	-0.139507
3092.356	-0.132576
3092.406	-0.115029
3092.456	-0.098249
3092.506	-0.094273
3092.556	-0.076606
3092.606	-0.079492
3092.656	-0.096163
3092.706	-0.101499
3092.756	-0.127723
3092.806	-0.130094
3092.856	-0.147879
3092.906	-0.155607
3092.956	-0.148675
3093.006	-0.145737
3093.056	-0.134374
3093.106	-0.124758
3093.156	-0.102868
3093.206	-0.093428
3093.256	-0.094077
3093.306	-0.071769
3093.356	-0.071512
3093.406	-0.070611
3093.456	-0.077487
3093.506	-0.072587
3093.556	-0.074044
3093.606	-0.065233
3093.656	-0.059571
3093.706	-0.053646
3093.756	-0.027991
3093.806	-0.01866
3093.856	-0.004667
3093.906	0.013398
3093.956	0.002278
3094.006	-0.014945
3094.056	-0.019222
3094.106	-0.041985
3094.156	-0.082041
3094.206	-0.115785
3094.256	-0.146693
3094.306	-0.173072
3094.356	-0.176396
3094.406	-0.159621
3094.456	-0.155175
3094.506	-0.137545
3094.556	-0.112833
3094.606	-0.110635
3094.656	-0.10206
3094.706	-0.110562
3094.756	-0.121899
3094.806	-0.128949
3094.856	-0.149672
3094.906	-0.167826
3094.956	-0.180538
3095.006	-0.189426
3095.056	-0.186372
3095.106	-0.183345
3095.156	-0.168848
3095.206	-0.165656
3095.256	-0.161628
3095.306	-0.148166
3095.356	-0.149956
3095.406	-0.156597
3095.456	-0.126109
3095.506	-0.13463
3095.556	-0.141829
3095.606	-0.117063
3095.656	-0.105615
3095.706	-0.111305
3095.756	-0.10594
3095.806	-0.103726
3095.856	-0.096035
3095.906	-0.082008
3095.956	-0.075861
3096.006	-0.086453
3096.056	-0.084294
3096.106	-0.077219
3096.156	-0.079707
3096.206	-0.066997
3096.256	-0.075316
3096.306	-0.094193
3096.356	-0.082415
3096.406	-0.0817
3096.456	-0.06673
3096.506	-0.06862
3096.556	-0.076019
3096.606	-0.081354
3096.656	-0.085154
3096.706	-0.081571
3096.756	-0.081124
3096.806	-0.059408
3096.856	-0.065185
3096.906	-0.063697
3096.956	-0.060238
3097.006	-0.047109
3097.056	-0.05081
3097.106	-0.058528
3097.156	-0.054992
3097.206	-0.053086
3097.256	-0.076357
3097.306	-0.093462
3097.356	-0.090867
3097.406	-0.097972
3097.456	-0.094953
3097.506	-0.083189
3097.556	-0.09078
3097.606	-0.078621
3097.656	-0.065365
3097.706	-0.059185
3097.756	-0.06716
3097.806	-0.070997
3097.856	-0.06304
3097.906	-0.044122
3097.956	-0.032037
3098.006	-0.027817
3098.056	-0.000814
3098.106	-0.004564
3098.156	0.004366
3098.206	0.017326
3098.256	0.015727
3098.306	0.012603
3098.356	-0.006968
3098.406	-0.021429
3098.456	-0.033839
3098.506	-0.062238
3098.556	-0.073095
3098.606	-0.085299
3098.656	-0.091335
3098.706	-0.091026
3098.756	-0.073608
3098.806	-0.054358
3098.856	-0.04106
3098.906	-0.031956
3098.956	-0.016104
3099.006	-0.010295
3099.056	-0.024328
3099.106	-0.039574
3099.156	-0.056262
3099.206	-0.050842
3099.256	-0.066085
3099.306	-0.081795
3099.356	-0.088517
3099.406	-0.106799
3099.456	-0.094416
3099.506	-0.076913
3099.556	-0.062638
3099.606	-0.05266
3099.656	-0.057177
3099.706	-0.053754
3099.756	-0.054767
3099.806	-0.049458
3099.856	-0.042211
3099.906	-0.045037
3099.956	-0.046843
3100.006	-0.04888
3100.056	-0.06029
3100.106	-0.059695
3100.156	-0.057002
3100.206	-0.062952
3100.256	-0.072257
3100.306	-0.051538
3100.356	-0.02871
3100.406	-0.043986
3100.456	-0.049328
3100.506	-0.045266
3100.556	-0.05554
3100.606	-0.075731
3100.656	-0.083182
3100.706	-0.081138
3100.756	-0.079003
3100.806	-0.071106
3100.856	-0.079803
3100.906	-0.081439
3100.956	-0.062029
3101.006	-0.054304
3101.056	-0.037255
3101.106	-0.035261
3101.156	-0.023112
3101.206	-0.024464
3101.256	-0.036629
3101.306	-0.025107
3101.356	-0.030382
3101.406	-0.025125
3101.456	-0.024684
3101.506	-0.021145
3101.556	-0.031717
3101.606	-0.019535
3101.656	-0.013853
3101.706	-0.004874
3101.756	-0.020502
3101.806	-0.015301
3101.856	-0.008469
3101.906	-0.020597
3101.956	-0.011991
3102.006	-0.015202
3102.056	-0.017288
3102.106	-0.025411
3102.156	-0.019487
3102.206	-0.02943
3102.256	-0.045656
3102.306	-0.059518
3102.356	-0.077914
3102.406	-0.092087
3102.456	-0.117542
3102.506	-0.140466
3102.556	-0.175233
3102.606	-0.205331
3102.656	-0.226061
3102.706	-0.236392
3102.756	-0.24686
3102.806	-0.252121
3102.856	-0.250737
3102.906	-0.239455
3102.956	-0.225999
3103.006	-0.216437
3103.056	-0.196674
3103.106	-0.156337
3103.156	-0.136072
3103.206	-0.106729
3103.256	-0.116362
3103.306	-0.116167
3103.356	-0.119455
3103.406	-0.121847
3103.456	-0.123073
3103.506	-0.113244
3103.556	-0.120425
3103.606	-0.108563
3103.656	-0.099062
3103.706	-0.082681
3103.756	-0.071726
3103.806	-0.055727
3103.856	-0.040136
3103.906	-0.010254
3103.956	0.011733
3104.006	0.037842
3104.056	0.057953
3104.106	0.081698
3104.156	0.08829
3104.206	0.089918
3104.256	0.058761
3104.306	0.027841
3104.356	-0.013565
3104.406	-0.038439
3104.456	-0.086129
3104.506	-0.123886
3104.556	-0.159654
3104.606	-0.173217
3104.656	-0.201258
3104.706	-0.200386
3104.756	-0.210593
3104.806	-0.229574
3104.856	-0.242401
3104.906	-0.263365
3104.956	-0.266234
3105.006	-0.292842
3105.056	-0.303668
3105.106	-0.293809
3105.156	-0.282566
3105.206	-0.267796
3105.256	-0.238854
3105.306	-0.197913
3105.356	-0.158451
3105.406	-0.098895
3105.456	-0.062111
3105.506	-0.027792
3105.556	-0.001669
3105.606	0.001473
3105.656	-0.006457
3105.706	-0.021229
3105.756	-0.055368
3105.806	-0.082441
3105.856	-0.097597
3105.906	-0.131526
3105.956	-0.149875
3106.006	-0.152859
3106.056	-0.17721
3106.106	-0.176756
3106.156	-0.186985
3106.206	-0.181804
3106.256	-0.187657
3106.306	-0.186248
3106.356	-0.183241
3106.406	-0.19269
3106.456	-0.194635
3106.507	-0.179964
3106.557	-0.176569
3106.607	-0.180974
3106.657	-0.1869
3106.707	-0.167365
3106.757	-0.161041
3106.807	-0.151058
3106.857	-0.147969
3106.907	-0.147731
3106.957	-0.141218
3107.007	-0.144866
3107.057	-0.148138
3107.107	-0.13442
3107.157	-0.128358
3107.207	-0.129928
3107.257	-0.087965
3107.307	-0.075104
3107.357	-0.059566
3107.407	-0.046826
3107.457	-0.027831
3107.507	-0.033844
3107.557	-0.025793
3107.607	-0.037575
3107.657	-0.050189
3107.707	-0.062189
3107.757	-0.076397
3107.807	-0.096311
3107.857	-0.117866
3107.907	-0.153983
3107.957	-0.16987
3108.007	-0.186479
3108.057	-0.176036
3108.107	-0.152398
3108.157	-0.127745
3108.207	-0.095301
3108.257	-0.064301
3108.307	-0.062769
3108.357	-0.058209
3108.407	-0.060239
3108.457	-0.037118
3108.507	-0.036183
3108.557	-0.049691
3108.607	-0.056956
3108.657	-0.054562
3108.707	-0.04759
3108.757	-0.052011
3108.807	-0.0742
3108.857	-0.056661
3108.907	-0.068893
3108.957	-0.065465
3109.007	-0.082348
3109.057	-0.080801
3109.107	-0.106397
3109.157	-0.120665
3109.207	-0.112392
3109.257	-0.123381
3109.307	-0.123074
3109.357	-0.120347
3109.407	-0.128312
3109.457	-0.114076
3109.507	-0.096884
3109.557	-0.071503
3109.607	-0.078112
3109.657	-0.071454
3109.707	-0.06073
3109.757	-0.074768
3109.807	-0.074621
3109.857	-0.072641
3109.907	-0.084373
3109.957	-0.083715
3110.007	-0.085789
3110.057	-0.074523
3110.107	-0.065728
3110.157	-0.0566
3110.207	-0.062409
3110.257	-0.044023
3110.307	-0.035586
3110.357	-0.050382
3110.407	-0.046425
3110.457	-0.055677
3110.507	-0.066344
3110.557	-0.072808
3110.607	-0.079281
3110.657	-0.077153
3110.707	-0.082534
3110.757	-0.079449
3110.807	-0.077078
3110.857	-0.078636
3110.907	-0.052457
3110.957	-0.053872
3111.007	-0.037382
3111.057	-0.035454
3111.107	-0.051176
3111.157	-0.055337
3111.207	-0.060289
3111.257	-0.050268
3111.307	-0.055989
3111.357	-0.043522
3111.407	-0.051904
3111.457	-0.052077
3111.507	-0.045817
3111.557	-0.044776
3111.607	-0.046297
3111.657	-0.033812
3111.707	-0.031518
3111.757	-0.044035
3111.807	-0.036142
3111.857	-0.028858
3111.907	-0.026562
3111.957	-0.003552
3112.007	0.020828
3112.057	0.025645
3112.107	0.007835
3112.157	-0.001835
3112.207	-0.002125
3112.257	-0.0211
3112.307	-0.010522
3112.357	-0.009786
3112.407	-0.015305
3112.457	-0.002755
3112.507	0.004286
3112.557	0.022103
3112.607	0.024099
3112.657	0.023441
3112.707	0.036604
3112.757	0.042138
3112.807	0.036008
3112.857	0.047071
3112.907	0.047752
3112.957	0.023245
3113.007	0.011069
3113.057	-0.013547
3113.107	-0.023439
3113.157	-0.042375
3113.207	-0.044367
3113.257	-0.047099
3113.307	-0.054889
3113.357	-0.073206
3113.407	-0.081182
3113.457	-0.070046
3113.507	-0.088449
3113.557	-0.096699
3113.607	-0.112757
3113.657	-0.133583
3113.707	-0.133945
3113.757	-0.111703
3113.807	-0.109019
3113.857	-0.089106
3113.907	-0.074986
3113.957	-0.066705
3114.007	-0.050722
3114.057	-0.051917
3114.107	-0.052341
3114.157	-0.080438
3114.207	-0.089461
3114.257	-0.094719
3114.307	-0.105672
3114.357	-0.088688
3114.407	-0.061944
3114.457	-0.043127
3114.507	-0.029276
3114.557	-0.010272
3114.607	0.005172
3114.657	0.022103
3114.707	0.01982
3114.757	0.026622
3114.807	0.021606
3114.857	-0.006778
3114.907	-0.011407
3114.957	-0.028463
3115.007	-0.034054
3115.057	-0.02673
3115.107	-0.039939
3115.157	-0.032608
3115.207	-0.043751
3115.257	-0.037055
3115.307	-0.032659
3115.357	-0.04566
3115.407	-0.051887
3115.457	-0.065079
3115.507	-0.091672
3115.557	-0.10677
3115.607	-0.115904
3115.657	-0.122128
3115.707	-0.109396
3115.757	-0.096278
3115.807	-0.104015
3115.857	-0.109897
3115.907	-0.095477
3115.957	-0.0916
3116.007	-0.098239
3116.057	-0.110674
3116.107	-0.102314
3116.157	-0.099771
3116.207	-0.098342
3116.257	-0.099808
3116.307	-0.098126
3116.357	-0.104439
3116.407	-0.095536
3116.457	-0.091926
3116.507	-0.096071
3116.557	-0.09714
3116.607	-0.116841
3116.657	-0.130913
3116.707	-0.164154
3116.757	-0.222884
3116.807	-0.26318
3116.857	-0.306678
3116.907	-0.364882
3116.957	-0.398081
3117.007	-0.441154
3117.057	-0.472378
3117.107	-0.491225
3117.157	-0.513258
3117.207	-0.516662
3117.257	-0.475324
3117.307	-0.375155
3117.357	-0.199889
3117.407	0.089102
3117.457	0.467753
3117.507	0.950335
3117.557	1.469889
3117.607	1.911467
3117.657	2.15903
3117.707	2.125223
3117.757	1.746231
3117.807	1.094449
3117.857	0.328322
3117.907	-0.393873
3117.957	-0.902772
3118.007	-1.151841
3118.057	-1.170536
3118.107	-1.108225
3118.157	-1.05218
3118.207	-1.086827
3118.257	-1.224199
3118.307	-1.42165
3118.357	-1.621546
3118.407	-1.720166
3118.457	-1.624199
3118.507	-1.29211
3118.557	-0.762796
3118.607	-0.144807
3118.657	0.423591
3118.707	0.844871
3118.757	1.033898
3118.807	1.019929
3118.857	0.879665
3118.907	0.660156
3118.957	0.404334
3119.007	0.161252
3119.057	-0.05146
3119.107	-0.223485
3119.157	-0.324512
3119.207	-0.377854
3119.257	-0.352156
3119.307	-0.252666
3119.357	-0.129569
3119.407	-0.018103
3119.457	0.069793
3119.507	0.096294
3119.557	0.086288
3119.607	0.043676
3119.657	-0.033485
3119.707	-0.09751
3119.757	-0.163495
3119.807	-0.219953
3119.857	-0.22442
3119.907	-0.198336
3119.957	-0.161921
3120.007	-0.114408
3120.057	-0.073281
3120.107	-0.039115
3120.157	-0.03191
3120.207	-0.033847
3120.257	-0.048643
3120.307	-0.068771
3120.357	-0.061127
3120.407	-0.072777
3120.457	-0.089142
3120.507	-0.111762
3120.557	-0.11737
3120.607	-0.133891
3120.657	-0.144799
3120.707	-0.1494
3120.757	-0.137161
3120.807	-0.104343
3120.857	-0.060262
3120.907	-0.021405
3120.957	0.034124
3121.007	0.08862
3121.057	0.12699
3121.107	0.169921
3121.157	0.186128
3121.207	0.165029
3121.257	0.15084
3121.307	0.098651
3121.357	0.032872
3121.407	-0.041616
3121.457	-0.118366
3121.507	-0.22965
3121.557	-0.336232
3121.607	-0.42453
3121.657	-0.553612
3121.707	-0.63965
3121.757	-0.697167
3121.807	-0.730528
3121.857	-0.735807
3121.907	-0.701731
3121.957	-0.667647
3122.007	-0.577324
3122.057	-0.492833
3122.107	-0.415259
3122.157	-0.316662
3122.207	-0.262733
3122.257	-0.191948
3122.307	-0.140748
3122.357	-0.118557
3122.407	-0.089881
3122.457	-0.082355
3122.507	-0.098915
3122.557	-0.095378
3122.607	-0.063624
3122.657	-0.033793
3122.707	0.027299
3122.757	0.067247
3122.807	0.156406
3122.857	0.257369
3122.908	0.302735
3122.958	0.306081
3123.008	0.290547
3123.058	0.243432
3123.108	0.172103
3123.158	0.090841
3123.208	0.005634
3123.258	-0.075632
3123.308	-0.158376
3123.358	-0.219849
3123.408	-0.261233
3123.458	-0.255669
3123.508	-0.230871
3123.558	-0.185305
3123.608	-0.127847
3123.658	-0.069682
3123.708	0.008092
3123.758	0.074163
3123.808	0.140178
3123.858	0.181579
3123.908	0.190523
3123.958	0.203551
3124.008	0.170663
3124.058	0.120686
3124.108	0.089105
3124.158	0.020277
3124.208	-0.030686
3124.258	-0.096947
3124.308	-0.156171
3124.358	-0.185367
3124.408	-0.23123
3124.458	-0.281221
3124.508	-0.312948
3124.558	-0.312967
3124.608	-0.320471
3124.658	-0.314114
3124.708	-0.310091
3124.758	-0.312248
3124.808	-0.29828
3124.858	-0.284263
3124.908	-0.296221
3124.958	-0.322678
3125.008	-0.347311
3125.058	-0.378663
3125.108	-0.430165
3125.158	-0.46291
3125.208	-0.482806
3125.258	-0.510691
3125.308	-0.519033
3125.358	-0.473679
3125.408	-0.416847
3125.458	-0.332725
3125.508	-0.221713
3125.558	-0.111965
3125.608	0.00041
3125.658	0.105841
3125.708	0.182134
3125.758	0.20978
3125.808	0.180038
3125.858	0.141583
3125.908	0.076406
3125.958	0.014169
3126.008	-0.039116
3126.058	-0.074758
3126.108	-0.071456
3126.158	-0.049533
3126.208	-0.022681
3126.258	0.017699
3126.308	0.046835
3126.358	0.040328
3126.408	0.037149
3126.458	-0.010084
3126.508	-0.070792
3126.558	-0.132386
3126.608	-0.216477
3126.658	-0.269206
3126.708	-0.308832
3126.758	-0.322191
3126.808	-0.325025
3126.858	-0.309077
3126.908	-0.27585
3126.958	-0.244455
3127.008	-0.194566
3127.058	-0.164424
3127.108	-0.127663
3127.158	-0.098579
3127.208	-0.076984
3127.258	-0.080645
3127.308	-0.097295
3127.358	-0.11827
3127.408	-0.163193
3127.458	-0.196282
3127.508	-0.234013
3127.558	-0.269649
3127.608	-0.287565
3127.658	-0.319418
3127.708	-0.323072
3127.758	-0.318886
3127.808	-0.337138
3127.858	-0.323322
3127.908	-0.303221
3127.958	-0.268213
3128.008	-0.226752
3128.058	-0.184837
3128.108	-0.129251
3128.158	-0.060273
3128.208	0.00662
3128.258	0.072953
3128.308	0.104419
3128.358	0.078161
3128.408	0.016584
3128.458	-0.046212
3128.508	-0.116085
3128.558	-0.207643
3128.608	-0.269492
3128.658	-0.303707
3128.708	-0.319462
3128.758	-0.32277
3128.808	-0.314339
3128.858	-0.283084
3128.908	-0.299776
3128.958	-0.308622
3129.008	-0.317532
3129.058	-0.330278
3129.108	-0.340092
3129.158	-0.341653
3129.208	-0.325981
3129.258	-0.304837
3129.308	-0.285541
3129.358	-0.272193
3129.408	-0.249838
3129.458	-0.250838
3129.508	-0.215565
3129.558	-0.17738
3129.608	-0.171077
3129.658	-0.156221
3129.708	-0.136131
3129.758	-0.172221
3129.808	-0.190364
3129.858	-0.232284
3129.908	-0.287978
3129.958	-0.33659
3130.008	-0.36624
3130.058	-0.372442
3130.108	-0.370601
3130.158	-0.337233
3130.208	-0.301958
3130.258	-0.268915
3130.308	-0.243761
3130.358	-0.201495
3130.408	-0.186615
3130.458	-0.204648
3130.508	-0.232979
3130.558	-0.247893
3130.608	-0.291467
3130.658	-0.319298
3130.708	-0.342623
3130.758	-0.362161
3130.808	-0.346464
3130.858	-0.317941
3130.908	-0.294806
3130.958	-0.257914
3131.008	-0.212705
3131.058	-0.171001
3131.108	-0.169781
3131.158	-0.148828
3131.208	-0.150123
3131.258	-0.159612
3131.308	-0.174695
3131.358	-0.193631
3131.408	-0.218725
3131.458	-0.247319
3131.508	-0.249229
3131.558	-0.265642
3131.608	-0.275176
3131.658	-0.271046
3131.708	-0.267643
3131.758	-0.261057
3131.808	-0.254929
3131.858	-0.256806
3131.908	-0.272377
3131.958	-0.287204
3132.008	-0.309288
3132.058	-0.323171
3132.108	-0.321694
3132.158	-0.332209
3132.208	-0.327658
3132.258	-0.31048
3132.308	-0.290986
3132.358	-0.26698
3132.408	-0.243953
3132.458	-0.214817
3132.508	-0.214096
3132.558	-0.217163
3132.608	-0.225449
3132.658	-0.23464
3132.708	-0.23149
3132.758	-0.247191
3132.808	-0.258331
3132.858	-0.270188
3132.908	-0.278049
3132.958	-0.287323
3133.008	-0.283437
3133.058	-0.28603
3133.108	-0.291355
3133.158	-0.279571
3133.208	-0.28019
3133.258	-0.267078
3133.308	-0.262499
3133.358	-0.230341
3133.408	-0.213166
3133.458	-0.20756
3133.508	-0.187965
3133.558	-0.182409
3133.608	-0.168608
3133.658	-0.155976
3133.708	-0.163758
3133.758	-0.161484
3133.808	-0.153247
3133.858	-0.186429
3133.908	-0.211587
3133.958	-0.211619
3134.008	-0.208381
3134.058	-0.195146
3134.108	-0.178462
3134.158	-0.17164
3134.208	-0.15747
3134.258	-0.149509
3134.308	-0.15609
3134.358	-0.158135
3134.408	-0.149361
3134.458	-0.161057
3134.508	-0.163015
3134.558	-0.169481
3134.608	-0.167563
3134.658	-0.185652
3134.708	-0.185366
3134.758	-0.177157
3134.808	-0.166361
3134.858	-0.155292
3134.908	-0.132987
3134.958	-0.127814
3135.008	-0.121301
3135.058	-0.107554
3135.108	-0.112716
3135.158	-0.115088
3135.208	-0.117467
3135.258	-0.147764
3135.308	-0.161878
3135.358	-0.152981
3135.408	-0.176508
3135.458	-0.177223
3135.508	-0.169547
3135.558	-0.160207
3135.608	-0.160279
3135.658	-0.169041
3135.708	-0.154811
3135.758	-0.140223
3135.808	-0.136034
3135.858	-0.139996
3135.908	-0.133221
3135.958	-0.150412
3136.008	-0.159576
3136.058	-0.164055
3136.108	-0.183533
3136.158	-0.188306
3136.208	-0.203543
3136.258	-0.192653
3136.308	-0.193408
3136.358	-0.182826
3136.408	-0.172336
3136.458	-0.151316
3136.508	-0.135472
3136.558	-0.13302
3136.608	-0.128289
3136.658	-0.134893
3136.708	-0.128334
3136.758	-0.117128
3136.808	-0.122848
3136.858	-0.109589
3136.908	-0.101757
3136.958	-0.118387
3137.008	-0.125316
3137.058	-0.134036
3137.108	-0.139105
3137.158	-0.148834
3137.208	-0.175583
3137.258	-0.18397
3137.308	-0.192193
3137.358	-0.195215
3137.408	-0.203695
3137.458	-0.189621
3137.508	-0.171085
3137.558	-0.159911
3137.608	-0.138857
3137.658	-0.107081
3137.708	-0.091008
3137.758	-0.067151
3137.808	-0.039839
3137.858	0.002024
3137.908	0.036029
3137.958	0.05942
3138.008	0.052363
3138.058	0.047704
3138.108	0.04063
3138.158	0.003063
3138.208	-0.026559
3138.258	-0.075957
3138.308	-0.133473
3138.358	-0.174839
3138.408	-0.204319
3138.458	-0.221521
3138.508	-0.237506
3138.558	-0.228024
3138.608	-0.204655
3138.658	-0.175738
3138.708	-0.160725
3138.758	-0.164574
3138.808	-0.171435
3138.858	-0.169065
3138.908	-0.193581
3138.958	-0.211378
3139.008	-0.24148
3139.058	-0.288096
3139.108	-0.32774
3139.158	-0.351228
3139.208	-0.364145
3139.258	-0.360996
3139.309	-0.362974
3139.359	-0.343289
3139.409	-0.336896
3139.459	-0.326716
3139.509	-0.307653
3139.559	-0.29333
3139.609	-0.283358
3139.659	-0.280265
3139.709	-0.26207
3139.759	-0.265838
3139.809	-0.255275
3139.859	-0.23026
3139.909	-0.19169
3139.959	-0.17353
3140.009	-0.165462
3140.059	-0.13625
3140.109	-0.115027
3140.159	-0.112311
3140.209	-0.110958
3140.259	-0.110581
3140.309	-0.114182
3140.359	-0.122186
3140.409	-0.134652
3140.459	-0.138297
3140.509	-0.124283
3140.559	-0.111927
3140.609	-0.099138
3140.659	-0.099353
3140.709	-0.115852
3140.759	-0.098857
3140.809	-0.088074
3140.859	-0.103745
3140.909	-0.106154
3140.959	-0.094912
3141.009	-0.084794
3141.059	-0.094514
3141.109	-0.111869
3141.159	-0.096011
3141.209	-0.111767
3141.259	-0.117698
3141.309	-0.116726
3141.359	-0.12494
3141.409	-0.142184
3141.459	-0.154025
3141.509	-0.168907
3141.559	-0.200434
3141.609	-0.203498
3141.659	-0.186099
3141.709	-0.205293
3141.759	-0.196831
3141.809	-0.1861
3141.859	-0.191605
3141.909	-0.202981
3141.959	-0.208449
3142.009	-0.189218
3142.059	-0.185922
3142.109	-0.189874
3142.159	-0.162804
3142.209	-0.134541
3142.259	-0.111251
3142.309	-0.104437
3142.359	-0.105821
3142.409	-0.112859
3142.459	-0.146398
3142.509	-0.215153
3142.559	-0.267928
3142.609	-0.339841
3142.659	-0.418384
3142.709	-0.476381
3142.759	-0.482021
3142.809	-0.437594
3142.859	-0.362237
3142.909	-0.234232
3142.959	-0.081773
3143.009	0.043005
3143.059	0.162353
3143.109	0.233522
3143.159	0.253074
3143.209	0.200964
3143.259	0.036667
3143.309	-0.156131
3143.359	-0.368426
3143.409	-0.581448
3143.459	-0.735374
3143.509	-0.82804
3143.559	-0.800354
3143.609	-0.681892
3143.659	-0.495976
3143.709	-0.265287
3143.759	-0.045316
3143.809	0.12873
3143.859	0.208573
3143.909	0.211508
3143.959	0.131407
3144.009	-0.005194
3144.059	-0.173915
3144.109	-0.359033
3144.159	-0.510334
3144.209	-0.595826
3144.259	-0.606769
3144.309	-0.589063
3144.359	-0.491835
3144.409	-0.358499
3144.459	-0.212917
3144.509	-0.0932
3144.559	-0.018918
3144.609	0.026709
3144.659	0.032164
3144.709	0.005279
3144.759	-0.039963
3144.809	-0.080379
3144.859	-0.128144
3144.909	-0.149563
3144.959	-0.132808
3145.009	-0.106005
3145.059	-0.065566
3145.109	-0.023365
3145.159	0.0134
3145.209	0.02387
3145.259	0.018307
3145.309	-0.020215
3145.359	-0.104041
3145.409	-0.185501
3145.459	-0.253047
3145.509	-0.301156
3145.559	-0.330825
3145.609	-0.306056
3145.659	-0.259163
3145.709	-0.179646
3145.759	-0.084652
3145.809	0.010573
3145.859	0.098714
3145.909	0.177566
3145.959	0.234493
3146.009	0.26305
3146.059	0.270921
3146.109	0.261815
3146.159	0.213016
3146.209	0.139408
3146.259	0.036129
3146.309	-0.102577
3146.359	-0.261386
3146.409	-0.387195
3146.459	-0.474654
3146.509	-0.48942
3146.559	-0.435598
3146.609	-0.336753
3146.659	-0.20058
3146.709	-0.057476
3146.759	0.04418
3146.809	0.104376
3146.859	0.099622
3146.909	0.029486
3146.959	-0.052926
3147.009	-0.167825
3147.059	-0.273349
3147.109	-0.369256
3147.159	-0.451373
3147.209	-0.500843
3147.259	-0.518111
3147.309	-0.529112
3147.359	-0.499636
3147.409	-0.451394
3147.459	-0.390734
3147.509	-0.343694
3147.559	-0.292913
3147.609	-0.243943
3147.659	-0.208992
3147.709	-0.188562
3147.759	-0.162066
3147.809	-0.14202
3147.859	-0.1019
3147.909	-0.062524
3147.959	-0.024146
3148.009	0.011672
3148.059	0.03435
3148.109	0.067192
3148.159	0.098308
3148.209	0.134479
3148.259	0.164925
3148.309	0.163535
3148.359	0.171068
3148.409	0.17377
3148.459	0.149604
3148.509	0.136776
3148.559	0.117981
3148.609	0.090377
3148.659	0.064197
3148.709	0.027093
3148.759	-0.003962
3148.809	-0.015297
3148.859	-0.050319
3148.909	-0.078018
3148.959	-0.096077
3149.009	-0.109339
3149.059	-0.130597
3149.109	-0.157027
3149.159	-0.198555
3149.209	-0.212232
3149.259	-0.221068
3149.309	-0.223772
3149.359	-0.20263
3149.409	-0.189998
3149.459	-0.172241
3149.509	-0.147262
3149.559	-0.139597
3149.609	-0.129226
3149.659	-0.125106
3149.709	-0.116649
3149.759	-0.113183
3149.809	-0.119733
3149.859	-0.113449
3149.909	-0.107586
3149.959	-0.107691
3150.009	-0.087004
3150.059	-0.064749
3150.109	-0.020471
3150.159	0.013612
3150.209	0.064525
3150.259	0.085366
3150.309	0.105808
3150.359	0.135303
3150.409	0.124329
3150.459	0.087927
3150.509	0.038467
3150.559	-0.017309
3150.609	-0.074135
3150.659	-0.134018
3150.709	-0.177426
3150.759	-0.216154
3150.809	-0.219026
3150.859	-0.212691
3150.909	-0.16534
3150.959	-0.136467
3151.009	-0.107714
3151.059	-0.061131
3151.109	-0.027922
3151.159	-0.011607
3151.209	-0.015353
3151.259	-0.043583
3151.309	-0.064116
3151.359	-0.088753
3151.409	-0.109832
3151.459	-0.142757
3151.509	-0.158666
3151.559	-0.163519
3151.609	-0.184702
3151.659	-0.176085
3151.709	-0.166868
3151.759	-0.155436
3151.809	-0.14455
3151.859	-0.127508
3151.909	-0.130253
3151.959	-0.120068
3152.009	-0.117051
3152.059	-0.106164
3152.109	-0.088858
3152.159	-0.065563
3152.209	-0.049137
3152.259	-0.014444
3152.309	0.031533
3152.359	0.064933
3152.409	0.103774
3152.459	0.129506
3152.509	0.13943
3152.559	0.144289
3152.609	0.109613
3152.659	0.059661
3152.709	-0.016224
3152.759	-0.103191
3152.809	-0.164406
3152.859	-0.234759
3152.909	-0.280459
3152.959	-0.296984
3153.009	-0.308708
3153.059	-0.290661
3153.109	-0.25804
3153.159	-0.210551
3153.209	-0.160783
3153.259	-0.132052
3153.309	-0.118324
3153.359	-0.116679
3153.409	-0.117346
3153.459	-0.108784
3153.509	-0.113349
3153.559	-0.113977
3153.609	-0.094815
3153.659	-0.098068
3153.709	-0.097965
3153.759	-0.101074
3153.809	-0.108322
3153.859	-0.094151
3153.909	-0.089456
3153.959	-0.095609
3154.009	-0.087852
3154.059	-0.08511
3154.109	-0.071511
3154.159	-0.066918
3154.209	-0.050942
3154.259	-0.042378
3154.309	-0.0423
3154.359	-0.044735
3154.409	-0.031805
3154.459	-0.03229
3154.509	-0.054941
3154.559	-0.047163
3154.609	-0.069715
3154.659	-0.110287
3154.709	-0.149629
3154.759	-0.180777
3154.809	-0.204518
3154.859	-0.225666
3154.909	-0.242705
3154.959	-0.226705
3155.009	-0.211403
3155.059	-0.192963
3155.109	-0.17164
3155.159	-0.15631
3155.209	-0.138288
3155.259	-0.123168
3155.309	-0.125487
3155.359	-0.139643
3155.409	-0.159535
3155.459	-0.172594
3155.509	-0.180234
3155.559	-0.192087
3155.609	-0.191575
3155.66	-0.179193
3155.71	-0.165811
3155.76	-0.137678
3155.81	-0.132656
3155.86	-0.123972
3155.91	-0.116245
3155.96	-0.129366
3156.01	-0.125238
3156.06	-0.127161
3156.11	-0.143161
3156.16	-0.145241
3156.21	-0.137664
3156.26	-0.138037
3156.31	-0.131247
3156.36	-0.112529
3156.41	-0.089836
3156.46	-0.073625
3156.51	-0.096477
3156.56	-0.105429
3156.61	-0.117333
3156.66	-0.133435
3156.71	-0.156154
3156.76	-0.161746
3156.81	-0.159479
3156.86	-0.161393
3156.91	-0.159326
3156.96	-0.155994
3157.01	-0.146783
3157.06	-0.146448
3157.11	-0.135503
3157.16	-0.12249
3157.21	-0.115761
3157.26	-0.133707
3157.31	-0.127798
3157.36	-0.123857
3157.41	-0.114461
3157.46	-0.116599
3157.51	-0.138694
3157.56	-0.113172
3157.61	-0.110686
3157.66	-0.109647
3157.71	-0.109241
3157.76	-0.0958
3157.81	-0.10617
3157.86	-0.105143
3157.91	-0.101196
3157.96	-0.105242
3158.01	-0.114259
3158.06	-0.12032
3158.11	-0.1259
3158.16	-0.134654
3158.21	-0.126445
3158.26	-0.116656
3158.31	-0.125135
3158.36	-0.130067
3158.41	-0.140518
3158.46	-0.143437
3158.51	-0.152762
3158.56	-0.142384
3158.61	-0.140642
3158.66	-0.133041
3158.71	-0.140436
3158.76	-0.125591
3158.81	-0.101675
3158.86	-0.092537
3158.91	-0.09806
3158.96	-0.091835
3159.01	-0.094868
3159.06	-0.107066
3159.11	-0.128034
3159.16	-0.150776
3159.21	-0.169491
3159.26	-0.173075
3159.31	-0.163219
3159.36	-0.161315
3159.41	-0.144205
3159.46	-0.113643
3159.51	-0.075388
3159.56	-0.042931
3159.61	-0.02334
3159.66	-0.018967
3159.71	-0.015739
3159.76	-0.017795
3159.81	-0.017774
3159.86	-0.017933
3159.91	-0.030121
3159.96	-0.022182
3160.01	-0.016018
3160.06	-0.003717
3160.11	0.002507
3160.16	0.004317
3160.21	-0.017661
3160.26	-0.041205
3160.31	-0.070385
3160.36	-0.085832
3160.41	-0.110462
3160.46	-0.12162
3160.51	-0.10377
3160.56	-0.09976
3160.61	-0.103794
3160.66	-0.112902
3160.71	-0.125504
3160.76	-0.149877
3160.81	-0.192112
3160.86	-0.233619
3160.91	-0.292752
3160.96	-0.332581
3161.01	-0.363683
3161.06	-0.381329
3161.11	-0.367835
3161.16	-0.360346
3161.21	-0.335692
3161.26	-0.299616
3161.31	-0.23802
3161.36	-0.170657
3161.41	-0.097181
3161.46	0.010732
3161.51	0.099635
3161.56	0.165314
3161.61	0.219498
3161.66	0.246081
3161.71	0.253322
3161.76	0.229724
3161.81	0.188192
3161.86	0.147701
3161.91	0.121426
3161.96	0.096348
3162.01	0.05347
3162.06	0.027867
3162.11	-0.003087
3162.16	-0.048462
3162.21	-0.084744
3162.26	-0.111041
3162.31	-0.129279
3162.36	-0.11383
3162.41	-0.125508
3162.46	-0.137963
3162.51	-0.146461
3162.56	-0.118857
3162.61	-0.092966
3162.66	-0.089524
3162.71	-0.077107
3162.76	-0.0669
3162.81	-0.068095
3162.86	-0.068838
3162.91	-0.073467
3162.96	-0.086219
3163.01	-0.107821
3163.06	-0.112143
3163.11	-0.124415
3163.16	-0.130492
3163.21	-0.122272
3163.26	-0.107834
3163.31	-0.102838
3163.36	-0.117122
3163.41	-0.120074
3163.46	-0.134487
3163.51	-0.1324
3163.56	-0.14704
3163.61	-0.159739
3163.66	-0.185073
3163.71	-0.189172
3163.76	-0.206765
3163.81	-0.235381
3163.86	-0.254496
3163.91	-0.250723
3163.96	-0.258628
3164.01	-0.271997
3164.06	-0.27363
3164.11	-0.277698
3164.16	-0.289783
3164.21	-0.278663
3164.26	-0.269571
3164.31	-0.272206
3164.36	-0.264109
3164.41	-0.238995
3164.46	-0.21824
3164.51	-0.199295
3164.56	-0.194338
3164.61	-0.190364
3164.66	-0.192195
3164.71	-0.224209
3164.76	-0.246148
3164.81	-0.274776
3164.86	-0.299621
3164.91	-0.325828
3164.96	-0.361535
3165.01	-0.384202
3165.06	-0.403961
3165.11	-0.421865
3165.16	-0.407333
3165.21	-0.396033
3165.26	-0.387468
3165.31	-0.370899
3165.36	-0.336446
3165.41	-0.301519
3165.46	-0.264756
3165.51	-0.214286
3165.56	-0.164107
3165.61	-0.134632
3165.66	-0.110523
3165.71	-0.095138
3165.76	-0.081129
3165.81	-0.079459
3165.86	-0.080899
3165.91	-0.091244
3165.96	-0.120189
3166.01	-0.139011
3166.06	-0.156847
3166.11	-0.158308
3166.16	-0.177552
3166.21	-0.202019
3166.26	-0.189666
3166.31	-0.178626
3166.36	-0.163375
3166.41	-0.159734
3166.46	-0.157997
3166.51	-0.176233
3166.56	-0.186912
3166.61	-0.199083
3166.66	-0.210086
3166.71	-0.243037
3166.76	-0.274719
3166.81	-0.280464
3166.86	-0.281355
3166.91	-0.268994
3166.96	-0.261499
3167.01	-0.25979
3167.06	-0.22641
3167.11	-0.197263
3167.16	-0.18987
3167.21	-0.164049
3167.26	-0.164091
3167.31	-0.153251
3167.36	-0.1516
3167.41	-0.151351
3167.46	-0.172557
3167.51	-0.196422
3167.56	-0.218483
3167.61	-0.254311
3167.66	-0.28376
3167.71	-0.30516
3167.76	-0.312573
3167.81	-0.300772
3167.86	-0.312008
3167.91	-0.300307
3167.96	-0.266387
3168.01	-0.239012
3168.06	-0.229857
3168.11	-0.215711
3168.16	-0.19969
3168.21	-0.169919
3168.26	-0.17306
3168.31	-0.174738
3168.36	-0.191624
3168.41	-0.196737
3168.46	-0.214921
3168.51	-0.253705
3168.56	-0.299987
3168.61	-0.341425
3168.66	-0.37248
3168.71	-0.394346
3168.76	-0.402224
3168.81	-0.41069
3168.86	-0.411758
3168.91	-0.395212
3168.96	-0.376645
3169.01	-0.349881
3169.06	-0.328675
3169.11	-0.31111
3169.16	-0.300779
3169.21	-0.295507
3169.26	-0.31348
3169.31	-0.324562
3169.36	-0.331248
3169.41	-0.343533
3169.46	-0.371242
3169.51	-0.384448
3169.56	-0.381756
3169.61	-0.368238
3169.66	-0.356176
3169.71	-0.348734
3169.76	-0.320045
3169.81	-0.304589
3169.86	-0.288948
3169.91	-0.282267
3169.96	-0.262163
3170.01	-0.235875
3170.06	-0.221937
3170.11	-0.204392
3170.16	-0.21382
3170.21	-0.218897
3170.26	-0.202566
3170.31	-0.208912
3170.36	-0.230534
3170.41	-0.247352
3170.46	-0.265117
3170.51	-0.287396
3170.56	-0.286374
3170.61	-0.296368
3170.66	-0.292609
3170.71	-0.277935
3170.76	-0.253304
3170.81	-0.224746
3170.86	-0.198394
3170.91	-0.160058
3170.96	-0.134537
3171.01	-0.122449
3171.06	-0.118131
3171.11	-0.104442
3171.16	-0.105007
3171.21	-0.116358
3171.26	-0.121009
3171.31	-0.121049
3171.36	-0.125968
3171.41	-0.148331
3171.46	-0.148124
3171.51	-0.151863
3171.56	-0.151886
3171.61	-0.162949
3171.66	-0.178671
3171.71	-0.180854
3171.76	-0.193172
3171.81	-0.200731
3171.86	-0.222295
3171.91	-0.231415
3171.96	-0.237538
3172.01	-0.232526
3172.061	-0.228957
3172.111	-0.232028
3172.161	-0.242074
3172.211	-0.248219
3172.261	-0.232796
3172.311	-0.22998
3172.361	-0.232235
3172.411	-0.229739
3172.461	-0.227233
3172.511	-0.226994
3172.561	-0.219089
3172.611	-0.219984
3172.661	-0.20709
3172.711	-0.219602
3172.761	-0.243415
3172.811	-0.251553
3172.861	-0.253609
3172.911	-0.274301
3172.961	-0.297266
3173.011	-0.311833
3173.061	-0.32208
3173.111	-0.340413
3173.161	-0.338804
3173.211	-0.334641
3173.261	-0.320465
3173.311	-0.307888
3173.361	-0.291638
3173.411	-0.284529
3173.461	-0.289296
3173.511	-0.302602
3173.561	-0.302931
3173.611	-0.313
3173.661	-0.307631
3173.711	-0.297196
3173.761	-0.287887
3173.811	-0.26404
3173.861	-0.252418
3173.911	-0.253479
3173.961	-0.234438
3174.011	-0.236535
3174.061	-0.250594
3174.111	-0.249233
3174.161	-0.229369
3174.211	-0.196462
3174.261	-0.173604
3174.311	-0.170539
3174.361	-0.137426
3174.411	-0.107278
3174.461	-0.07103
3174.511	-0.045557
3174.561	-0.008248
3174.611	0.010011
3174.661	0.028984
3174.711	0.053043
3174.761	0.049601
3174.811	0.033563
3174.861	0.003339
3174.911	-0.029142
3174.961	-0.071646
3175.011	-0.130463
3175.061	-0.172182
3175.111	-0.219211
3175.161	-0.246146
3175.211	-0.280079
3175.261	-0.307404
3175.311	-0.312429
3175.361	-0.324959
3175.411	-0.343275
3175.461	-0.335251
3175.511	-0.322498
3175.561	-0.307409
3175.611	-0.291592
3175.661	-0.280491
3175.711	-0.27797
3175.761	-0.263626
3175.811	-0.274558
3175.861	-0.276875
3175.911	-0.267458
3175.961	-0.259772
3176.011	-0.244368
3176.061	-0.231703
3176.111	-0.212375
3176.161	-0.189363
3176.211	-0.179939
3176.261	-0.167065
3176.311	-0.173681
3176.361	-0.185349
3176.411	-0.20076
3176.461	-0.220448
3176.511	-0.232892
3176.561	-0.247657
3176.611	-0.257764
3176.661	-0.256116
3176.711	-0.270297
3176.761	-0.271938
3176.811	-0.277624
3176.861	-0.27528
3176.911	-0.261779
3176.961	-0.259563
3177.011	-0.26069
3177.061	-0.270369
3177.111	-0.279083
3177.161	-0.283921
3177.211	-0.28897
3177.261	-0.293453
3177.311	-0.299519
3177.361	-0.29375
3177.411	-0.283031
3177.461	-0.247008
3177.511	-0.231155
3177.561	-0.214572
3177.611	-0.198456
3177.661	-0.173916
3177.711	-0.147573
3177.761	-0.128261
3177.811	-0.110704
3177.861	-0.100223
3177.911	-0.096339
3177.961	-0.113203
3178.011	-0.129992
3178.061	-0.120212
3178.111	-0.121837
3178.161	-0.150712
3178.211	-0.179082
3178.261	-0.198864
3178.311	-0.222387
3178.361	-0.268249
3178.411	-0.309862
3178.461	-0.336816
3178.511	-0.354637
3178.561	-0.358545
3178.611	-0.331231
3178.661	-0.299215
3178.711	-0.263737
3178.761	-0.22179
3178.811	-0.191241
3178.861	-0.150451
3178.911	-0.124694
3178.961	-0.118039
3179.011	-0.134141
3179.061	-0.156646
3179.111	-0.173542
3179.161	-0.182592
3179.211	-0.211447
3179.261	-0.236311
3179.311	-0.245575
3179.361	-0.263864
3179.411	-0.270616
3179.461	-0.260394
3179.511	-0.248708
3179.561	-0.231995
3179.611	-0.225423
3179.661	-0.203029
3179.711	-0.193974
3179.761	-0.193786
3179.811	-0.206012
3179.861	-0.202705
3179.911	-0.203706
3179.961	-0.213788
3180.011	-0.224386
3180.061	-0.232933
3180.111	-0.223788
3180.161	-0.220561
3180.211	-0.229713
3180.261	-0.219554
3180.311	-0.220596
3180.361	-0.216881
3180.411	-0.210586
3180.461	-0.199963
3180.511	-0.193993
3180.561	-0.178722
3180.611	-0.180451
3180.661	-0.18766
3180.711	-0.188212
3180.761	-0.181705
3180.811	-0.179433
3180.861	-0.174996
3180.911	-0.194506
3180.961	-0.221506
3181.011	-0.226813
3181.061	-0.250871
3181.111	-0.264055
3181.161	-0.276724
3181.211	-0.287707
3181.261	-0.294158
3181.311	-0.299505
3181.361	-0.306864
3181.411	-0.309601
3181.461	-0.320551
3181.511	-0.323494
3181.561	-0.3224
3181.611	-0.30037
3181.661	-0.294998
3181.711	-0.294142
3181.761	-0.284908
3181.811	-0.280734
3181.861	-0.277744
3181.911	-0.2846
3181.961	-0.297016
3182.011	-0.286159
3182.061	-0.291786
3182.111	-0.295461
3182.161	-0.302166
3182.211	-0.31023
3182.261	-0.301962
3182.311	-0.288177
3182.361	-0.292948
3182.411	-0.285595
3182.461	-0.272883
3182.511	-0.276648
3182.561	-0.278402
3182.611	-0.265739
3182.661	-0.2424
3182.711	-0.213773
3182.761	-0.194041
3182.811	-0.171875
3182.861	-0.14738
3182.911	-0.124479
3182.961	-0.092521
3183.011	-0.088995
3183.061	-0.086524
3183.111	-0.060559
3183.161	-0.042965
3183.211	-0.075681
3183.261	-0.065227
3183.311	-0.082008
3183.361	-0.10255
3183.411	-0.131079
3183.461	-0.124184
3183.511	-0.133992
3183.561	-0.134893
3183.611	-0.122582
3183.661	-0.071466
3183.711	-0.043499
3183.761	-0.006428
3183.811	0.016042
3183.861	0.035468
3183.911	0.062314
3183.961	0.056218
3184.011	0.034555
3184.061	0.019379
3184.111	0.018067
3184.161	0.013618
3184.211	-0.003468
3184.261	-0.034335
3184.311	-0.042319
3184.361	-0.040394
3184.411	-0.040596
3184.461	-0.062307
3184.511	-0.063651
3184.561	-0.081525
3184.611	-0.109942
3184.661	-0.132447
3184.711	-0.172177
3184.761	-0.208157
3184.811	-0.222812
3184.861	-0.239638
3184.911	-0.279782
3184.961	-0.305468
3185.011	-0.303873
3185.061	-0.312244
3185.111	-0.323728
3185.161	-0.326486
3185.211	-0.320561
3185.261	-0.315779
3185.311	-0.320953
3185.361	-0.319862
3185.411	-0.3272
3185.461	-0.32766
3185.511	-0.321703
3185.561	-0.304883
3185.611	-0.303349
3185.661	-0.294194
3185.711	-0.274084
3185.761	-0.243048
3185.811	-0.234817
3185.861	-0.228623
3185.911	-0.235215
3185.961	-0.212343
3186.011	-0.188568
3186.061	-0.179818
3186.111	-0.181081
3186.161	-0.181879
3186.211	-0.161759
3186.261	-0.163967
3186.311	-0.155643
3186.361	-0.160746
3186.411	-0.164215
3186.461	-0.154202
3186.511	-0.14652
3186.561	-0.139648
3186.611	-0.133861
3186.661	-0.109745
3186.711	-0.096168
3186.761	-0.07773
3186.811	-0.058405
3186.861	-0.063326
3186.911	-0.053047
3186.961	-0.030902
3187.011	-0.030425
3187.061	-0.028079
3187.111	-0.009962
3187.161	0.002683
3187.211	0.014875
3187.261	0.033244
3187.311	0.061029
3187.361	0.070307
3187.411	0.081159
3187.461	0.102793
3187.511	0.12633
3187.561	0.144622
3187.611	0.154718
3187.661	0.123989
3187.711	0.087904
3187.761	0.074797
3187.811	0.070487
3187.861	0.067038
3187.911	0.039741
3187.961	0.015591
3188.011	0.003979
3188.061	0.001837
3188.111	-0.013501
3188.161	-0.030497
3188.211	-0.056165
3188.261	-0.078675
3188.311	-0.09482
3188.361	-0.100347
3188.411	-0.131628
3188.462	-0.150744
3188.512	-0.155173
3188.562	-0.150952
3188.612	-0.163299
3188.662	-0.17915
3188.712	-0.195224
3188.762	-0.220267
3188.812	-0.22972
3188.862	-0.231227
3188.912	-0.251843
3188.962	-0.277126
3189.012	-0.285045
3189.062	-0.287274
3189.112	-0.276776
3189.162	-0.271134
3189.212	-0.26479
3189.262	-0.291488
3189.312	-0.310096
3189.362	-0.301707
3189.412	-0.3217
3189.462	-0.339312
3189.512	-0.360316
3189.562	-0.374813
3189.612	-0.371753
3189.662	-0.385593
3189.712	-0.398933
3189.762	-0.425172
3189.812	-0.431172
3189.862	-0.422045
3189.912	-0.414283
3189.962	-0.427119
3190.012	-0.4218
3190.062	-0.404326
3190.112	-0.396869
3190.162	-0.381757
3190.212	-0.365758
3190.262	-0.337006
3190.312	-0.317319
3190.362	-0.274868
3190.412	-0.224153
3190.462	-0.184381
3190.512	-0.150379
3190.562	-0.102538
3190.612	-0.057798
3190.662	-0.011481
3190.712	0.036037
3190.762	0.075728
3190.812	0.09915
3190.862	0.119815
3190.912	0.147662
3190.962	0.166163
3191.012	0.192229
3191.062	0.210583
3191.112	0.211831
3191.162	0.215589
3191.212	0.196963
3191.262	0.187168
3191.312	0.173193
3191.362	0.154504
3191.412	0.131587
3191.462	0.099286
3191.512	0.064575
3191.562	0.049737
3191.612	0.046407
3191.662	0.044903
3191.712	0.051154
3191.762	0.068103
3191.812	0.065482
3191.862	0.056678
3191.912	0.063341
3191.962	0.062298
3192.012	0.052432
3192.062	0.048963
3192.112	0.035514
3192.162	0.039886
3192.212	0.039835
3192.262	0.039032
3192.312	0.058158
3192.362	0.050961
3192.412	0.03813
3192.462	0.040669
3192.512	0.011572
3192.562	-0.017188
3192.612	-0.033063
3192.662	-0.063787
3192.712	-0.082602
3192.762	-0.114819
3192.812	-0.146484
3192.862	-0.179251
3192.912	-0.211518
3192.962	-0.226261
3193.012	-0.256298
3193.062	-0.269554
3193.112	-0.269094
3193.162	-0.253264
3193.212	-0.258434
3193.262	-0.244019
3193.312	-0.192625
3193.362	-0.13597
3193.412	-0.076998
3193.462	-0.014192
3193.512	0.031594
3193.562	0.073914
3193.612	0.099184
3193.662	0.121097
3193.712	0.130077
3193.762	0.114276
3193.812	0.083169
3193.862	0.0483
3193.912	-0.005601
3193.962	-0.08243
3194.012	-0.144051
3194.062	-0.195029
3194.112	-0.224888
3194.162	-0.249016
3194.212	-0.272648
3194.262	-0.289477
3194.312	-0.295412
3194.362	-0.29069
3194.412	-0.277333
3194.462	-0.258053
3194.512	-0.240819
3194.562	-0.233236
3194.612	-0.208453
3194.662	-0.19766
3194.712	-0.191443
3194.762	-0.194842
3194.812	-0.188161
3194.862	-0.173188
3194.912	-0.162158
3194.962	-0.164009
3195.012	-0.15859
3195.062	-0.137856
3195.112	-0.125717
3195.162	-0.126501
3195.212	-0.12608
3195.262	-0.138254
3195.312	-0.143434
3195.362	-0.168828
3195.412	-0.181516
3195.462	-0.188692
3195.512	-0.199035
3195.562	-0.195796
3195.612	-0.19188
3195.662	-0.150167
3195.712	-0.093567
3195.762	-0.041683
3195.812	0.017839
3195.862	0.057368
3195.912	0.091515
3195.962	0.098894
3196.012	0.076245
3196.062	0.043635
3196.112	-0.00076
3196.162	-0.068643
3196.212	-0.123233
3196.262	-0.171342
3196.312	-0.192194
3196.362	-0.171742
3196.412	-0.119152
3196.462	-0.036318
3196.512	0.052675
3196.562	0.146306
3196.612	0.233596
3196.662	0.292324
3196.712	0.325113
3196.762	0.31174
3196.812	0.26893
3196.862	0.206297
3196.912	0.143229
3196.962	0.062339
3197.012	0.002681
3197.062	-0.054627
3197.112	-0.075314
3197.162	-0.090801
3197.212	-0.068248
3197.262	-0.036084
3197.312	-0.013857
3197.362	-0.015899
3197.412	-0.025817
3197.462	-0.059854
3197.512	-0.102087
3197.562	-0.143954
3197.612	-0.18851
3197.662	-0.238353
3197.712	-0.261634
3197.762	-0.242404
3197.812	-0.231093
3197.862	-0.211747
3197.912	-0.16559
3197.962	-0.122083
3198.012	-0.093902
3198.062	-0.071347
3198.112	-0.066189
3198.162	-0.085611
3198.212	-0.087087
3198.262	-0.094806
3198.312	-0.099693
3198.362	-0.104285
3198.412	-0.091342
3198.462	-0.070463
3198.512	-0.055325
3198.562	-0.026238
3198.612	-0.003732
3198.662	-0.011836
3198.712	-0.018706
3198.762	-0.039656
3198.812	-0.072654
3198.862	-0.094694
3198.912	-0.1267
3198.962	-0.142513
3199.012	-0.1625
3199.062	-0.165801
3199.112	-0.185243
3199.162	-0.19102
3199.212	-0.164719
3199.262	-0.152493
3199.312	-0.127706
3199.362	-0.113811
3199.412	-0.081544
3199.462	-0.066413
3199.512	-0.050273
3199.562	-0.040486
3199.612	-0.038568
3199.662	-0.027865
3199.712	-0.046003
3199.762	-0.068263
3199.812	-0.093022
3199.862	-0.111804
3199.912	-0.120475
3199.962	-0.128789
3200.012	-0.110819